time,voltage
0.000000,0.098283
0.001000,0.098283
0.002000,0.097658
0.003000,0.100470
0.004000,0.099220
0.005000,0.097345
0.006000,0.098908
0.007000,0.098908
0.008000,0.099220
0.009000,0.098595
0.010000,0.100158
0.011000,0.097033
0.012000,0.098595
0.013000,0.101095
0.014000,0.098595
0.015000,0.098595
0.016000,0.099220
0.017000,0.099845
0.018000,0.099533
0.019000,0.097970
0.020000,0.098908
0.021000,0.098283
0.022000,0.097658
0.023000,0.098595
0.024000,0.097033
0.025000,0.098595
0.026000,0.100783
0.027000,0.098908
0.028000,0.096720
0.029000,0.100470
0.030000,0.098595
0.031000,0.098908
0.032000,0.098283
0.033000,0.095783
0.034000,0.099220
0.035000,0.098283
0.036000,0.097345
0.037000,0.099845
0.038000,0.097658
0.039000,0.097658
0.040000,0.098595
0.041000,0.099845
0.042000,0.098595
0.043000,0.100470
0.044000,0.097658
0.045000,0.099220
0.046000,0.099845
0.047000,0.097970
0.048000,0.098908
0.049000,0.100158
0.050000,0.097345
0.051000,0.097658
0.052000,0.097345
0.053000,0.100158
0.054000,0.099220
0.055000,0.099845
0.056000,0.099533
0.057000,0.098908
0.058000,0.098908
0.059000,0.097658
0.060000,0.097970
0.061000,0.097033
0.062000,0.099533
0.063000,0.098595
0.064000,0.096720
0.065000,0.099220
0.066000,0.097033
0.067000,0.098283
0.068000,0.098908
0.069000,0.097970
0.070000,0.099533
0.071000,0.098283
0.072000,0.097970
0.073000,0.099220
0.074000,0.096408
0.075000,0.099533
0.076000,0.099220
0.077000,0.100783
0.078000,0.098908
0.079000,0.096408
0.080000,0.098283
0.081000,0.099220
0.082000,0.097970
0.083000,0.099533
0.084000,0.097033
0.085000,0.097658
0.086000,0.097345
0.087000,0.099845
0.088000,0.098908
0.089000,0.097658
0.090000,0.098908
0.091000,0.097345
0.092000,0.099845
0.093000,0.097658
0.094000,0.100158
0.095000,0.096408
0.096000,0.097033
0.097000,0.097658
0.098000,0.098283
0.099000,0.098908
0.100000,0.099533
0.101000,0.098595
0.102000,0.096720
0.103000,0.099533
0.104000,0.097345
0.105000,0.099533
0.106000,0.097345
0.107000,0.098595
0.108000,0.098283
0.109000,0.097658
0.110000,0.097970
0.111000,0.098595
0.112000,0.097658
0.113000,0.098595
0.114000,0.097970
0.115000,0.099533
0.116000,0.096720
0.117000,0.098595
0.118000,0.097658
0.119000,0.099533
0.120000,0.097658
0.121000,0.098908
0.122000,0.100783
0.123000,0.098908
0.124000,0.101095
0.125000,0.097970
0.126000,0.099845
0.127000,0.097970
0.128000,0.097970
0.129000,0.098908
0.130000,0.099220
0.131000,0.098595
0.132000,0.098595
0.133000,0.099220
0.134000,0.097970
0.135000,0.098908
0.136000,0.098908
0.137000,0.097970
0.138000,0.097658
0.139000,0.097033
0.140000,0.099220
0.141000,0.098595
0.142000,0.099533
0.143000,0.097970
0.144000,0.099845
0.145000,0.097345
0.146000,0.096720
0.147000,0.097970
0.148000,0.098908
0.149000,0.100158
0.150000,0.099533
0.151000,0.097345
0.152000,0.099533
0.153000,0.099220
0.154000,0.099533
0.155000,0.096720
0.156000,0.100783
0.157000,0.098283
0.158000,0.099845
0.159000,0.097345
0.160000,0.098283
0.161000,0.100158
0.162000,0.098283
0.163000,0.098908
0.164000,0.099533
0.165000,0.100158
0.166000,0.098595
0.167000,0.097345
0.168000,0.098908
0.169000,0.100470
0.170000,0.099220
0.171000,0.098283
0.172000,0.098283
0.173000,0.098595
0.174000,0.097970
0.175000,0.096095
0.176000,0.099533
0.177000,0.099533
0.178000,0.098283
0.179000,0.095783
0.180000,0.099220
0.181000,0.097970
0.182000,0.098283
0.183000,0.097658
0.184000,0.096720
0.185000,0.097970
0.186000,0.097033
0.187000,0.100470
0.188000,0.099533
0.189000,0.097033
0.190000,0.100158
0.191000,0.102658
0.192000,0.101408
0.193000,0.097658
0.194000,0.099533
0.195000,0.096720
0.196000,0.099220
0.197000,0.100470
0.198000,0.098595
0.199000,0.098283
0.200000,0.099533
0.201000,0.097658
0.202000,0.098595
0.203000,0.098908
0.204000,0.097033
0.205000,0.098283
0.206000,0.097970
0.207000,0.096720
0.208000,0.096720
0.209000,0.099533
0.210000,0.098595
0.211000,0.098283
0.212000,0.098283
0.213000,0.097970
0.214000,0.097033
0.215000,0.097658
0.216000,0.098908
0.217000,0.100158
0.218000,0.097033
0.219000,0.100158
0.220000,0.098908
0.221000,0.097658
0.222000,0.099533
0.223000,0.097658
0.224000,0.097658
0.225000,0.100783
0.226000,0.097970
0.227000,0.097970
0.228000,0.094845
0.229000,0.098595
0.230000,0.097658
0.231000,0.098283
0.232000,0.098595
0.233000,0.098595
0.234000,0.100470
0.235000,0.097345
0.236000,0.097658
0.237000,0.096720
0.238000,0.097033
0.239000,0.098908
0.240000,0.099533
0.241000,0.098283
0.242000,0.098283
0.243000,0.098595
0.244000,0.097658
0.245000,0.097658
0.246000,0.098283
0.247000,0.097345
0.248000,0.095470
0.249000,0.096720
0.250000,0.096408
0.251000,0.097970
0.252000,0.095783
0.253000,0.099845
0.254000,0.100470
0.255000,0.098283
0.256000,0.097970
0.257000,0.097970
0.258000,0.099220
0.259000,0.100470
0.260000,0.097658
0.261000,0.099533
0.262000,0.099220
0.263000,0.098908
0.264000,0.098908
0.265000,0.097345
0.266000,0.099220
0.267000,0.098908
0.268000,0.099845
0.269000,0.097345
0.270000,0.097345
0.271000,0.097658
0.272000,0.097033
0.273000,0.098595
0.274000,0.098595
0.275000,0.097658
0.276000,0.099533
0.277000,0.098908
0.278000,0.096720
0.279000,0.100783
0.280000,0.098595
0.281000,0.097658
0.282000,0.097345
0.283000,0.097658
0.284000,0.098595
0.285000,0.098283
0.286000,0.098908
0.287000,0.097970
0.288000,0.096720
0.289000,0.098908
0.290000,0.094845
0.291000,0.098595
0.292000,0.098595
0.293000,0.097970
0.294000,0.101095
0.295000,0.098595
0.296000,0.097033
0.297000,0.100158
0.298000,0.100158
0.299000,0.099220
0.300000,0.098908
0.301000,0.100783
0.302000,0.097658
0.303000,0.098595
0.304000,0.096408
0.305000,0.098908
0.306000,0.098908
0.307000,0.097658
0.308000,0.100783
0.309000,0.101095
0.310000,0.099220
0.311000,0.097345
0.312000,0.099533
0.313000,0.099220
0.314000,0.098595
0.315000,0.098595
0.316000,0.096720
0.317000,0.099220
0.318000,0.097658
0.319000,0.099845
0.320000,0.097658
0.321000,0.097033
0.322000,0.097970
0.323000,0.098283
0.324000,0.098908
0.325000,0.100158
0.326000,0.098595
0.327000,0.097658
0.328000,0.096095
0.329000,0.096408
0.330000,0.098595
0.331000,0.095470
0.332000,0.100158
0.333000,0.097345
0.334000,0.098595
0.335000,0.097970
0.336000,0.098283
0.337000,0.099220
0.338000,0.098595
0.339000,0.098908
0.340000,0.098908
0.341000,0.098283
0.342000,0.097658
0.343000,0.099533
0.344000,0.099220
0.345000,0.098908
0.346000,0.099533
0.347000,0.096720
0.348000,0.100158
0.349000,0.098908
0.350000,0.097970
0.351000,0.098283
0.352000,0.100783
0.353000,0.097345
0.354000,0.099533
0.355000,0.098908
0.356000,0.098595
0.357000,0.097970
0.358000,0.098595
0.359000,0.098908
0.360000,0.101095
0.361000,0.099220
0.362000,0.099220
0.363000,0.098283
0.364000,0.098283
0.365000,0.099533
0.366000,0.099533
0.367000,0.098908
0.368000,0.097033
0.369000,0.099220
0.370000,0.099220
0.371000,0.098595
0.372000,0.101720
0.373000,0.098283
0.374000,0.099845
0.375000,0.099533
0.376000,0.096095
0.377000,0.098283
0.378000,0.098908
0.379000,0.097033
0.380000,0.100783
0.381000,0.098283
0.382000,0.100470
0.383000,0.097033
0.384000,0.099845
0.385000,0.098595
0.386000,0.097970
0.387000,0.098908
0.388000,0.099533
0.389000,0.097033
0.390000,0.098908
0.391000,0.098283
0.392000,0.099533
0.393000,0.098595
0.394000,0.097970
0.395000,0.098283
0.396000,0.098283
0.397000,0.099845
0.398000,0.101408
0.399000,0.100783
0.400000,0.098908
0.401000,0.098908
0.402000,0.097970
0.403000,0.098595
0.404000,0.097033
0.405000,0.098595
0.406000,0.099220
0.407000,0.098283
0.408000,0.099220
0.409000,0.097658
0.410000,0.097658
0.411000,0.099220
0.412000,0.097970
0.413000,0.099220
0.414000,0.099533
0.415000,0.098908
0.416000,0.097970
0.417000,0.099845
0.418000,0.101095
0.419000,0.098595
0.420000,0.099533
0.421000,0.097658
0.422000,0.099845
0.423000,0.099220
0.424000,0.099845
0.425000,0.097970
0.426000,0.101720
0.427000,0.098283
0.428000,0.096408
0.429000,0.099220
0.430000,0.097970
0.431000,0.098595
0.432000,0.098595
0.433000,0.099845
0.434000,0.097345
0.435000,0.099845
0.436000,0.098908
0.437000,0.098283
0.438000,0.099533
0.439000,0.097658
0.440000,0.099845
0.441000,0.098595
0.442000,0.097033
0.443000,0.099533
0.444000,0.099845
0.445000,0.097658
0.446000,0.097970
0.447000,0.098283
0.448000,0.098283
0.449000,0.099845
0.450000,0.098595
0.451000,0.098908
0.452000,0.097345
0.453000,0.097033
0.454000,0.097970
0.455000,0.099533
0.456000,0.102345
0.457000,0.100470
0.458000,0.102345
0.459000,0.099845
0.460000,0.097033
0.461000,0.098283
0.462000,0.098283
0.463000,0.095783
0.464000,0.097033
0.465000,0.099845
0.466000,0.098595
0.467000,0.098283
0.468000,0.097970
0.469000,0.099220
0.470000,0.097345
0.471000,0.097970
0.472000,0.097970
0.473000,0.098283
0.474000,0.100470
0.475000,0.098908
0.476000,0.098908
0.477000,0.099220
0.478000,0.098908
0.479000,0.098283
0.480000,0.097970
0.481000,0.099220
0.482000,0.101408
0.483000,0.096408
0.484000,0.097345
0.485000,0.097658
0.486000,0.099533
0.487000,0.097033
0.488000,0.095470
0.489000,0.097658
0.490000,0.098595
0.491000,0.098908
0.492000,0.099220
0.493000,0.098283
0.494000,0.097970
0.495000,0.098283
0.496000,0.098908
0.497000,0.097970
0.498000,0.098595
0.499000,0.097970
0.500000,0.098283
0.501000,0.097345
0.502000,0.097345
0.503000,0.099220
0.504000,0.100470
0.505000,0.098283
0.506000,0.099533
0.507000,0.098908
0.508000,0.098908
0.509000,0.098283
0.510000,0.099845
0.511000,0.098908
0.512000,0.098283
0.513000,0.099533
0.514000,0.097033
0.515000,0.098595
0.516000,0.099220
0.517000,0.096408
0.518000,0.099220
0.519000,0.101095
0.520000,0.099845
0.521000,0.097345
0.522000,0.097658
0.523000,0.098595
0.524000,0.094845
0.525000,0.098908
0.526000,0.097970
0.527000,0.098283
0.528000,0.098283
0.529000,0.098908
0.530000,0.098283
0.531000,0.098595
0.532000,0.099220
0.533000,0.097658
0.534000,0.097345
0.535000,0.096720
0.536000,0.099533
0.537000,0.097970
0.538000,0.097658
0.539000,0.097033
0.540000,0.098908
0.541000,0.096408
0.542000,0.097658
0.543000,0.097658
0.544000,0.097970
0.545000,0.099845
0.546000,0.097658
0.547000,0.097970
0.548000,0.096095
0.549000,0.097658
0.550000,0.097658
0.551000,0.099220
0.552000,0.098595
0.553000,0.098908
0.554000,0.099533
0.555000,0.098908
0.556000,0.097970
0.557000,0.097970
0.558000,0.101408
0.559000,0.099220
0.560000,0.097658
0.561000,0.097033
0.562000,0.098908
0.563000,0.099845
0.564000,0.097033
0.565000,0.097970
0.566000,0.099845
0.567000,0.098908
0.568000,0.098908
0.569000,0.099533
0.570000,0.097658
0.571000,0.098908
0.572000,0.099220
0.573000,0.100783
0.574000,0.100783
0.575000,0.097345
0.576000,0.098908
0.577000,0.100470
0.578000,0.100783
0.579000,0.098283
0.580000,0.098908
0.581000,0.100158
0.582000,0.097033
0.583000,0.097970
0.584000,0.098908
0.585000,0.099533
0.586000,0.097033
0.587000,0.099533
0.588000,0.097345
0.589000,0.099220
0.590000,0.098908
0.591000,0.097970
0.592000,0.099845
0.593000,0.099845
0.594000,0.097658
0.595000,0.098283
0.596000,0.098283
0.597000,0.097970
0.598000,0.098908
0.599000,0.100470
0.600000,0.098595
0.601000,0.098283
0.602000,0.098283
0.603000,0.097658
0.604000,0.098908
0.605000,0.097658
0.606000,0.098595
0.607000,0.097345
0.608000,0.099845
0.609000,0.098595
0.610000,0.097033
0.611000,0.098283
0.612000,0.097658
0.613000,0.098908
0.614000,0.100783
0.615000,0.098908
0.616000,0.098908
0.617000,0.098908
0.618000,0.099220
0.619000,0.099845
0.620000,0.098908
0.621000,0.098908
0.622000,0.097970
0.623000,0.100158
0.624000,0.099845
0.625000,0.098595
0.626000,0.099533
0.627000,0.098908
0.628000,0.096095
0.629000,0.097658
0.630000,0.099845
0.631000,0.098283
0.632000,0.097658
0.633000,0.098908
0.634000,0.098283
0.635000,0.099533
0.636000,0.097658
0.637000,0.099220
0.638000,0.096095
0.639000,0.100783
0.640000,0.099845
0.641000,0.097345
0.642000,0.098908
0.643000,0.096720
0.644000,0.095783
0.645000,0.097345
0.646000,0.100158
0.647000,0.097970
0.648000,0.098595
0.649000,0.100158
0.650000,0.098908
0.651000,0.097970
0.652000,0.099533
0.653000,0.097970
0.654000,0.098908
0.655000,0.097345
0.656000,0.099220
0.657000,0.097033
0.658000,0.196409
0.659000,0.200159
0.660000,0.197972
0.661000,0.198284
0.662000,0.197659
0.663000,0.198909
0.664000,0.198597
0.665000,0.198284
0.666000,0.199534
0.667000,0.198909
0.668000,0.198909
0.669000,0.198284
0.670000,0.199222
0.671000,0.198597
0.672000,0.197347
0.673000,0.197034
0.674000,0.197659
0.675000,0.197972
0.676000,0.201409
0.677000,0.198284
0.678000,0.197034
0.679000,0.198284
0.680000,0.198909
0.681000,0.198909
0.682000,0.199534
0.683000,0.199847
0.684000,0.198909
0.685000,0.200159
0.686000,0.197972
0.687000,0.199534
0.688000,0.197972
0.689000,0.199534
0.690000,0.199847
0.691000,0.198597
0.692000,0.200159
0.693000,0.196409
0.694000,0.198284
0.695000,0.198284
0.696000,0.198284
0.697000,0.198909
0.698000,-0.001094
0.699000,-0.000469
0.700000,-0.002969
0.701000,-0.002344
0.702000,-0.001719
0.703000,0.000781
0.704000,-0.002344
0.705000,0.000469
0.706000,-0.002031
0.707000,-0.001094
0.708000,-0.002344
0.709000,-0.001406
0.710000,-0.000156
0.711000,-0.000156
0.712000,-0.000469
0.713000,-0.002656
0.714000,-0.000156
0.715000,-0.001094
0.716000,-0.001406
0.717000,-0.000469
0.718000,-0.001406
0.719000,-0.000781
0.720000,0.000781
0.721000,-0.001406
0.722000,-0.000781
0.723000,-0.000781
0.724000,-0.001719
0.725000,-0.002031
0.726000,-0.002031
0.727000,-0.001094
0.728000,-0.004844
0.729000,-0.000156
0.730000,0.000156
0.731000,0.000156
0.732000,-0.001406
0.733000,-0.001406
0.734000,-0.001094
0.735000,-0.000156
0.736000,-0.001094
0.737000,0.000469
0.738000,-0.001719
0.739000,0.000469
0.740000,-0.000156
0.741000,0.001094
0.742000,-0.002969
0.743000,-0.000781
0.744000,0.000469
0.745000,-0.001406
0.746000,-0.002344
0.747000,-0.002344
0.748000,-0.003281
0.749000,0.000781
0.750000,-0.002031
0.751000,-0.003281
0.752000,-0.000156
0.753000,-0.001719
0.754000,-0.001719
0.755000,-0.001094
0.756000,-0.000469
0.757000,-0.001406
0.758000,0.199534
0.759000,0.200784
0.760000,0.198597
0.761000,0.198597
0.762000,0.199847
0.763000,0.198284
0.764000,0.196722
0.765000,0.199222
0.766000,0.200159
0.767000,0.199222
0.768000,0.198597
0.769000,0.196722
0.770000,0.198597
0.771000,0.200784
0.772000,0.199847
0.773000,0.200472
0.774000,0.200159
0.775000,0.199222
0.776000,0.197972
0.777000,0.197972
0.778000,0.198909
0.779000,0.199847
0.780000,0.199534
0.781000,0.199847
0.782000,0.199222
0.783000,0.199222
0.784000,0.198909
0.785000,0.198284
0.786000,0.199534
0.787000,0.199534
0.788000,0.201409
0.789000,0.198597
0.790000,0.201409
0.791000,0.197972
0.792000,0.198597
0.793000,0.198284
0.794000,0.199534
0.795000,0.199534
0.796000,0.197659
0.797000,0.200159
0.798000,-0.000781
0.799000,0.001719
0.800000,0.000469
0.801000,-0.002031
0.802000,-0.002656
0.803000,-0.002344
0.804000,-0.002031
0.805000,-0.001406
0.806000,-0.000781
0.807000,-0.001094
0.808000,-0.002344
0.809000,0.000156
0.810000,-0.001406
0.811000,-0.002344
0.812000,-0.002031
0.813000,-0.002969
0.814000,-0.002969
0.815000,-0.002656
0.816000,-0.000469
0.817000,-0.001719
0.818000,-0.000469
0.819000,-0.001094
0.820000,0.000156
0.821000,-0.002969
0.822000,-0.002344
0.823000,0.000469
0.824000,-0.001406
0.825000,-0.002031
0.826000,0.000156
0.827000,-0.002344
0.828000,-0.002656
0.829000,-0.000781
0.830000,-0.001094
0.831000,-0.001094
0.832000,-0.001094
0.833000,-0.001719
0.834000,-0.001094
0.835000,-0.001719
0.836000,-0.001406
0.837000,-0.003281
0.838000,-0.001719
0.839000,-0.001094
0.840000,-0.000781
0.841000,-0.000469
0.842000,-0.000469
0.843000,-0.002031
0.844000,-0.002656
0.845000,-0.001719
0.846000,-0.001094
0.847000,-0.001094
0.848000,0.000156
0.849000,-0.001094
0.850000,-0.000781
0.851000,0.000469
0.852000,-0.001094
0.853000,0.000781
0.854000,-0.003594
0.855000,-0.001719
0.856000,-0.000469
0.857000,-0.000781
0.858000,0.197972
0.859000,0.198909
0.860000,0.198909
0.861000,0.198284
0.862000,0.197659
0.863000,0.198909
0.864000,0.199847
0.865000,0.199222
0.866000,0.198909
0.867000,0.200472
0.868000,0.198909
0.869000,0.199534
0.870000,0.201097
0.871000,0.199222
0.872000,0.198597
0.873000,0.197972
0.874000,0.199534
0.875000,0.200472
0.876000,0.198909
0.877000,0.199847
0.878000,0.197972
0.879000,0.198909
0.880000,0.198909
0.881000,0.199534
0.882000,0.199222
0.883000,0.199222
0.884000,0.199222
0.885000,0.198909
0.886000,0.199222
0.887000,0.199222
0.888000,0.199847
0.889000,0.197972
0.890000,0.198909
0.891000,0.200784
0.892000,0.199847
0.893000,0.200159
0.894000,0.200159
0.895000,0.200159
0.896000,0.200472
0.897000,0.199534
0.898000,-0.001406
0.899000,-0.001094
0.900000,-0.002344
0.901000,0.000156
0.902000,-0.002656
0.903000,-0.000781
0.904000,-0.001094
0.905000,-0.003281
0.906000,-0.002656
0.907000,-0.001406
0.908000,0.000469
0.909000,-0.001094
0.910000,-0.002344
0.911000,-0.002969
0.912000,-0.000781
0.913000,-0.001094
0.914000,-0.000469
0.915000,-0.002969
0.916000,-0.001406
0.917000,-0.002656
0.918000,-0.001094
0.919000,-0.002344
0.920000,0.000156
0.921000,-0.001094
0.922000,-0.000469
0.923000,-0.001719
0.924000,-0.001406
0.925000,-0.002656
0.926000,-0.001406
0.927000,-0.003906
0.928000,-0.002344
0.929000,-0.001094
0.930000,-0.000156
0.931000,-0.000469
0.932000,-0.002031
0.933000,-0.001719
0.934000,-0.001094
0.935000,-0.002344
0.936000,0.000156
0.937000,-0.002344
0.938000,0.000469
0.939000,-0.002031
0.940000,-0.001094
0.941000,-0.002344
0.942000,-0.000781
0.943000,-0.001719
0.944000,-0.001094
0.945000,-0.000156
0.946000,-0.000781
0.947000,-0.001094
0.948000,-0.001719
0.949000,-0.001094
0.950000,-0.002656
0.951000,-0.003281
0.952000,-0.002969
0.953000,-0.002031
0.954000,-0.000781
0.955000,-0.001094
0.956000,-0.002344
0.957000,-0.002344
0.958000,0.200784
0.959000,0.197972
0.960000,0.198909
0.961000,0.198597
0.962000,0.198909
0.963000,0.200472
0.964000,0.198284
0.965000,0.199847
0.966000,0.199222
0.967000,0.197034
0.968000,0.199534
0.969000,0.199222
0.970000,0.198597
0.971000,0.200472
0.972000,0.198284
0.973000,0.201409
0.974000,0.197034
0.975000,0.200784
0.976000,0.200159
0.977000,0.200159
0.978000,0.200784
0.979000,0.200784
0.980000,0.201097
0.981000,0.197347
0.982000,0.198909
0.983000,0.197972
0.984000,0.199847
0.985000,0.200472
0.986000,0.199534
0.987000,0.202034
0.988000,0.197659
0.989000,0.199222
0.990000,0.198284
0.991000,0.196409
0.992000,0.200784
0.993000,0.199847
0.994000,0.198909
0.995000,0.200159
0.996000,0.197972
0.997000,0.197972
0.998000,0.001094
0.999000,-0.002031
1.000000,-0.003281
1.001000,-0.000156
1.002000,-0.001406
1.003000,0.000156
1.004000,-0.001406
1.005000,-0.000469
1.006000,-0.001406
1.007000,-0.002969
1.008000,-0.002344
1.009000,-0.002031
1.010000,-0.001406
1.011000,-0.000781
1.012000,-0.001719
1.013000,-0.001094
1.014000,-0.001719
1.015000,0.001406
1.016000,-0.000781
1.017000,0.000156
1.018000,-0.001094
1.019000,0.000781
1.020000,-0.000469
1.021000,-0.000781
1.022000,-0.000156
1.023000,-0.003594
1.024000,-0.002969
1.025000,-0.002656
1.026000,-0.001094
1.027000,-0.000469
1.028000,-0.001094
1.029000,-0.002031
1.030000,-0.000469
1.031000,-0.001719
1.032000,-0.002344
1.033000,-0.000469
1.034000,0.000469
1.035000,-0.000156
1.036000,-0.002344
1.037000,-0.001719
1.038000,-0.002969
1.039000,-0.001094
1.040000,-0.000781
1.041000,-0.001719
1.042000,-0.001094
1.043000,-0.001719
1.044000,0.000469
1.045000,-0.000156
1.046000,0.000469
1.047000,-0.000156
1.048000,-0.000781
1.049000,-0.002344
1.050000,-0.002344
1.051000,-0.001406
1.052000,-0.001719
1.053000,-0.000469
1.054000,-0.000781
1.055000,-0.001719
1.056000,-0.001094
1.057000,-0.001094
1.058000,0.200784
1.059000,0.198909
1.060000,0.201722
1.061000,0.199222
1.062000,0.197659
1.063000,0.200159
1.064000,0.200472
1.065000,0.197659
1.066000,0.198597
1.067000,0.198284
1.068000,0.197034
1.069000,0.197659
1.070000,0.198284
1.071000,0.198284
1.072000,0.200784
1.073000,0.197659
1.074000,0.198284
1.075000,0.197659
1.076000,0.198597
1.077000,0.198597
1.078000,0.199534
1.079000,0.198909
1.080000,0.198284
1.081000,0.199847
1.082000,0.199534
1.083000,0.199847
1.084000,0.200472
1.085000,0.197972
1.086000,0.201097
1.087000,0.199847
1.088000,0.201097
1.089000,0.197659
1.090000,0.198284
1.091000,0.199222
1.092000,0.199847
1.093000,0.201097
1.094000,0.198909
1.095000,0.199847
1.096000,0.200472
1.097000,0.199222
1.098000,0.000469
1.099000,0.000469
1.100000,-0.001094
1.101000,-0.002031
1.102000,-0.002031
1.103000,-0.002031
1.104000,-0.003281
1.105000,-0.002344
1.106000,-0.002344
1.107000,0.000156
1.108000,-0.005469
1.109000,-0.002031
1.110000,-0.001719
1.111000,-0.001406
1.112000,-0.000469
1.113000,-0.002031
1.114000,-0.002344
1.115000,-0.000156
1.116000,-0.000469
1.117000,-0.000156
1.118000,0.000156
1.119000,-0.001719
1.120000,-0.000781
1.121000,-0.000469
1.122000,-0.000156
1.123000,-0.001406
1.124000,0.000156
1.125000,-0.000469
1.126000,-0.001719
1.127000,0.000469
1.128000,-0.000156
1.129000,-0.000781
1.130000,-0.002656
1.131000,0.000156
1.132000,-0.000469
1.133000,-0.003281
1.134000,-0.002969
1.135000,-0.001719
1.136000,-0.001406
1.137000,-0.001719
1.138000,-0.000469
1.139000,-0.002656
1.140000,-0.001406
1.141000,-0.001406
1.142000,-0.002656
1.143000,-0.002969
1.144000,-0.001094
1.145000,-0.001406
1.146000,-0.000781
1.147000,-0.001719
1.148000,-0.003594
1.149000,-0.002031
1.150000,-0.000781
1.151000,-0.001406
1.152000,-0.001719
1.153000,-0.001719
1.154000,-0.000781
1.155000,-0.003906
1.156000,-0.000781
1.157000,-0.001719
1.158000,0.197347
1.159000,0.197972
1.160000,0.199847
1.161000,0.198909
1.162000,0.201097
1.163000,0.198597
1.164000,0.198909
1.165000,0.197972
1.166000,0.198597
1.167000,0.198909
1.168000,0.199222
1.169000,0.198597
1.170000,0.198909
1.171000,0.199847
1.172000,0.202659
1.173000,0.200472
1.174000,0.198597
1.175000,0.198597
1.176000,0.198597
1.177000,0.199534
1.178000,0.199847
1.179000,0.201097
1.180000,0.197659
1.181000,0.200159
1.182000,0.197347
1.183000,0.199847
1.184000,0.198909
1.185000,0.199222
1.186000,0.199222
1.187000,0.199222
1.188000,0.198597
1.189000,0.200159
1.190000,0.197659
1.191000,0.199847
1.192000,0.198597
1.193000,0.196409
1.194000,0.200784
1.195000,0.198909
1.196000,0.198284
1.197000,0.201097
1.198000,-0.003594
1.199000,-0.001406
1.200000,-0.000781
1.201000,-0.000156
1.202000,-0.000156
1.203000,-0.002344
1.204000,-0.000469
1.205000,-0.001406
1.206000,0.000156
1.207000,-0.001719
1.208000,-0.000781
1.209000,-0.000469
1.210000,-0.001719
1.211000,-0.002969
1.212000,-0.002031
1.213000,0.000156
1.214000,-0.000469
1.215000,-0.002656
1.216000,0.000156
1.217000,-0.001094
1.218000,0.000469
1.219000,0.000156
1.220000,-0.002344
1.221000,-0.000781
1.222000,-0.001094
1.223000,-0.000469
1.224000,-0.000469
1.225000,-0.002031
1.226000,-0.001719
1.227000,-0.000156
1.228000,-0.000469
1.229000,0.000156
1.230000,-0.002344
1.231000,-0.003281
1.232000,0.000469
1.233000,0.000156
1.234000,-0.000781
1.235000,-0.002344
1.236000,0.001406
1.237000,-0.002031
1.238000,-0.000469
1.239000,-0.002344
1.240000,-0.001406
1.241000,-0.000156
1.242000,-0.000156
1.243000,-0.000469
1.244000,-0.001094
1.245000,-0.001094
1.246000,-0.001406
1.247000,-0.002969
1.248000,-0.001719
1.249000,-0.000469
1.250000,-0.002969
1.251000,-0.002031
1.252000,-0.002656
1.253000,-0.000781
1.254000,-0.002031
1.255000,-0.000781
1.256000,-0.002031
1.257000,-0.001719
1.258000,0.198909
1.259000,0.198909
1.260000,0.199222
1.261000,0.199534
1.262000,0.200784
1.263000,0.197034
1.264000,0.200472
1.265000,0.198909
1.266000,0.199222
1.267000,0.197659
1.268000,0.197347
1.269000,0.198909
1.270000,0.201409
1.271000,0.199222
1.272000,0.198597
1.273000,0.201097
1.274000,0.199534
1.275000,0.199222
1.276000,0.199222
1.277000,0.198909
1.278000,0.198909
1.279000,0.198909
1.280000,0.197659
1.281000,0.198284
1.282000,0.199222
1.283000,0.201097
1.284000,0.197972
1.285000,0.199222
1.286000,0.199847
1.287000,0.198597
1.288000,0.198909
1.289000,0.198909
1.290000,0.200784
1.291000,0.201722
1.292000,0.198284
1.293000,0.198284
1.294000,0.199847
1.295000,0.198284
1.296000,0.199847
1.297000,0.199847
1.298000,-0.001406
1.299000,-0.000469
1.300000,-0.000156
1.301000,-0.001719
1.302000,0.000469
1.303000,-0.001719
1.304000,-0.000469
1.305000,-0.001406
1.306000,-0.002031
1.307000,-0.001719
1.308000,0.001719
1.309000,-0.000781
1.310000,-0.001094
1.311000,-0.001094
1.312000,-0.003906
1.313000,-0.000781
1.314000,-0.001094
1.315000,-0.002969
1.316000,-0.003594
1.317000,0.000469
1.318000,-0.002344
1.319000,-0.002031
1.320000,-0.002031
1.321000,-0.000781
1.322000,-0.000156
1.323000,-0.000781
1.324000,-0.001094
1.325000,0.000156
1.326000,-0.000469
1.327000,-0.003594
1.328000,0.000781
1.329000,0.000781
1.330000,-0.001719
1.331000,-0.003594
1.332000,-0.001406
1.333000,-0.000469
1.334000,-0.001719
1.335000,-0.000469
1.336000,-0.001406
1.337000,-0.002969
1.338000,-0.002344
1.339000,0.001406
1.340000,-0.000781
1.341000,-0.001094
1.342000,-0.001094
1.343000,-0.001094
1.344000,-0.002031
1.345000,-0.002031
1.346000,-0.003281
1.347000,-0.001719
1.348000,-0.001406
1.349000,-0.001094
1.350000,-0.002344
1.351000,-0.000781
1.352000,-0.000156
1.353000,-0.003594
1.354000,0.000156
1.355000,-0.000469
1.356000,-0.000156
1.357000,-0.000469
1.358000,0.198597
1.359000,0.197659
1.360000,0.198597
1.361000,0.200159
1.362000,0.200472
1.363000,0.199847
1.364000,0.200159
1.365000,0.199534
1.366000,0.199534
1.367000,0.197659
1.368000,0.197347
1.369000,0.200159
1.370000,0.199222
1.371000,0.200784
1.372000,0.197659
1.373000,0.198597
1.374000,0.198909
1.375000,0.200472
1.376000,0.199847
1.377000,0.198909
1.378000,0.198909
1.379000,0.198284
1.380000,0.197972
1.381000,0.200159
1.382000,0.197972
1.383000,0.200159
1.384000,0.198284
1.385000,0.198284
1.386000,0.198909
1.387000,0.199222
1.388000,0.201097
1.389000,0.198909
1.390000,0.199534
1.391000,0.198597
1.392000,0.197659
1.393000,0.198597
1.394000,0.198284
1.395000,0.199534
1.396000,0.199534
1.397000,0.197972
1.398000,-0.002344
1.399000,-0.001406
1.400000,-0.000781
1.401000,-0.001406
1.402000,-0.001406
1.403000,-0.000156
1.404000,0.000781
1.405000,-0.000781
1.406000,-0.001406
1.407000,-0.002656
1.408000,0.000781
1.409000,-0.000469
1.410000,0.000156
1.411000,-0.002031
1.412000,-0.002031
1.413000,0.000469
1.414000,-0.001094
1.415000,-0.002656
1.416000,-0.002656
1.417000,-0.002031
1.418000,-0.002969
1.419000,-0.002031
1.420000,-0.002656
1.421000,-0.000469
1.422000,-0.001406
1.423000,-0.002031
1.424000,-0.002344
1.425000,-0.004219
1.426000,-0.000781
1.427000,-0.002344
1.428000,0.002031
1.429000,-0.001406
1.430000,-0.000781
1.431000,-0.000781
1.432000,-0.000156
1.433000,0.001719
1.434000,-0.001406
1.435000,-0.000469
1.436000,-0.000156
1.437000,-0.001719
1.438000,-0.001094
1.439000,-0.003281
1.440000,0.000156
1.441000,-0.001406
1.442000,-0.002031
1.443000,-0.004219
1.444000,-0.002344
1.445000,-0.002344
1.446000,-0.002344
1.447000,-0.000469
1.448000,-0.001719
1.449000,0.000469
1.450000,-0.000156
1.451000,-0.000469
1.452000,-0.002344
1.453000,-0.000781
1.454000,-0.003281
1.455000,-0.001719
1.456000,-0.000156
1.457000,0.001406
1.458000,0.202347
1.459000,0.200159
1.460000,0.198597
1.461000,0.197347
1.462000,0.199534
1.463000,0.197659
1.464000,0.198909
1.465000,0.201097
1.466000,0.200159
1.467000,0.198284
1.468000,0.199222
1.469000,0.198284
1.470000,0.200159
1.471000,0.198909
1.472000,0.198284
1.473000,0.198597
1.474000,0.197972
1.475000,0.200159
1.476000,0.198909
1.477000,0.200472
1.478000,0.200159
1.479000,0.200472
1.480000,0.199222
1.481000,0.198909
1.482000,0.200472
1.483000,0.197659
1.484000,0.198597
1.485000,0.200159
1.486000,0.201722
1.487000,0.200159
1.488000,0.198909
1.489000,0.199847
1.490000,0.199534
1.491000,0.200159
1.492000,0.198909
1.493000,0.199222
1.494000,0.198909
1.495000,0.199534
1.496000,0.201097
1.497000,0.199534
1.498000,-0.001719
1.499000,-0.000781
1.500000,-0.000781
1.501000,-0.000469
1.502000,-0.000156
1.503000,-0.001719
1.504000,-0.001406
1.505000,-0.001094
1.506000,-0.000156
1.507000,0.000781
1.508000,-0.000781
1.509000,0.000781
1.510000,-0.000156
1.511000,-0.001719
1.512000,-0.001719
1.513000,-0.004531
1.514000,-0.002969
1.515000,-0.002656
1.516000,-0.000469
1.517000,-0.000781
1.518000,-0.000781
1.519000,0.000156
1.520000,-0.000781
1.521000,-0.000781
1.522000,-0.000156
1.523000,-0.003594
1.524000,-0.000156
1.525000,-0.001094
1.526000,-0.000156
1.527000,-0.001094
1.528000,-0.002031
1.529000,-0.000469
1.530000,-0.002344
1.531000,-0.002031
1.532000,-0.001094
1.533000,0.000156
1.534000,-0.001094
1.535000,-0.000781
1.536000,-0.002344
1.537000,-0.002969
1.538000,0.000156
1.539000,-0.000469
1.540000,-0.001094
1.541000,-0.001406
1.542000,-0.000156
1.543000,-0.001406
1.544000,-0.000156
1.545000,-0.000781
1.546000,-0.002656
1.547000,-0.002031
1.548000,0.000469
1.549000,-0.002969
1.550000,-0.000781
1.551000,-0.000156
1.552000,-0.001406
1.553000,-0.001094
1.554000,0.000156
1.555000,-0.000469
1.556000,-0.001406
1.557000,-0.001094
1.558000,0.198909
1.559000,0.199534
1.560000,0.198909
1.561000,0.200784
1.562000,0.201409
1.563000,0.200159
1.564000,0.199222
1.565000,0.199534
1.566000,0.199222
1.567000,0.199222
1.568000,0.198597
1.569000,0.199847
1.570000,0.197972
1.571000,0.197972
1.572000,0.198597
1.573000,0.198597
1.574000,0.199534
1.575000,0.199534
1.576000,0.197347
1.577000,0.197972
1.578000,0.198597
1.579000,0.197659
1.580000,0.197972
1.581000,0.198284
1.582000,0.199534
1.583000,0.198284
1.584000,0.197659
1.585000,0.200159
1.586000,0.200159
1.587000,0.198909
1.588000,0.197347
1.589000,0.198909
1.590000,0.198597
1.591000,0.198909
1.592000,0.200159
1.593000,0.197659
1.594000,0.197659
1.595000,0.201097
1.596000,0.197972
1.597000,0.201097
1.598000,-0.002656
1.599000,-0.002344
1.600000,-0.001094
1.601000,-0.000781
1.602000,-0.002969
1.603000,-0.001094
1.604000,-0.001406
1.605000,-0.000781
1.606000,-0.000781
1.607000,-0.001094
1.608000,-0.001406
1.609000,-0.002656
1.610000,-0.001406
1.611000,-0.002031
1.612000,-0.002656
1.613000,-0.001094
1.614000,-0.002031
1.615000,-0.002031
1.616000,-0.002031
1.617000,-0.001094
1.618000,-0.002031
1.619000,-0.001719
1.620000,0.001094
1.621000,-0.000156
1.622000,-0.001094
1.623000,-0.002969
1.624000,-0.001719
1.625000,-0.003281
1.626000,0.002656
1.627000,-0.002344
1.628000,-0.000469
1.629000,-0.002031
1.630000,-0.001094
1.631000,-0.002031
1.632000,-0.000781
1.633000,-0.002344
1.634000,-0.000156
1.635000,-0.001719
1.636000,-0.001719
1.637000,-0.002969
1.638000,-0.002031
1.639000,-0.002656
1.640000,-0.001719
1.641000,-0.000156
1.642000,0.000156
1.643000,-0.001719
1.644000,-0.003594
1.645000,-0.000156
1.646000,-0.002656
1.647000,-0.001719
1.648000,-0.002031
1.649000,-0.000781
1.650000,-0.002344
1.651000,-0.000469
1.652000,-0.001094
1.653000,-0.001094
1.654000,-0.000156
1.655000,-0.002031
1.656000,-0.002344
1.657000,-0.004219
1.658000,0.201097
1.659000,0.199534
1.660000,0.198909
1.661000,0.196722
1.662000,0.200159
1.663000,0.198597
1.664000,0.197034
1.665000,0.198597
1.666000,0.198284
1.667000,0.200472
1.668000,0.197972
1.669000,0.199847
1.670000,0.198909
1.671000,0.202347
1.672000,0.199222
1.673000,0.196722
1.674000,0.197347
1.675000,0.199534
1.676000,0.197972
1.677000,0.198909
1.678000,0.201097
1.679000,0.197972
1.680000,0.199534
1.681000,0.200784
1.682000,0.199222
1.683000,0.200159
1.684000,0.199222
1.685000,0.200472
1.686000,0.199534
1.687000,0.199222
1.688000,0.198284
1.689000,0.198597
1.690000,0.198284
1.691000,0.199222
1.692000,0.197659
1.693000,0.197972
1.694000,0.199222
1.695000,0.200784
1.696000,0.197659
1.697000,0.200472
1.698000,0.000156
1.699000,-0.005156
1.700000,0.000156
1.701000,-0.003281
1.702000,-0.000156
1.703000,-0.002031
1.704000,-0.001406
1.705000,-0.003281
1.706000,-0.001719
1.707000,0.000469
1.708000,-0.000156
1.709000,-0.001094
1.710000,-0.002344
1.711000,-0.000156
1.712000,-0.000156
1.713000,-0.001719
1.714000,-0.001094
1.715000,-0.003281
1.716000,-0.002344
1.717000,-0.003281
1.718000,-0.001719
1.719000,-0.001094
1.720000,-0.001719
1.721000,-0.000781
1.722000,-0.003594
1.723000,-0.001719
1.724000,0.001094
1.725000,-0.000469
1.726000,-0.001094
1.727000,0.001094
1.728000,0.000781
1.729000,-0.001094
1.730000,-0.001719
1.731000,-0.002969
1.732000,-0.001094
1.733000,-0.002031
1.734000,-0.003281
1.735000,-0.001719
1.736000,-0.002031
1.737000,-0.001719
1.738000,-0.002656
1.739000,-0.000156
1.740000,-0.001719
1.741000,-0.001406
1.742000,-0.001406
1.743000,-0.001406
1.744000,-0.000469
1.745000,-0.001094
1.746000,0.000156
1.747000,-0.002344
1.748000,0.000469
1.749000,-0.001094
1.750000,-0.002656
1.751000,-0.000156
1.752000,-0.001719
1.753000,-0.002344
1.754000,-0.002969
1.755000,-0.001094
1.756000,-0.000156
1.757000,-0.000781
1.758000,0.201097
1.759000,0.199534
1.760000,0.195472
1.761000,0.197659
1.762000,0.199222
1.763000,0.198284
1.764000,0.201409
1.765000,0.200472
1.766000,0.199534
1.767000,0.200784
1.768000,0.197972
1.769000,0.200472
1.770000,0.198909
1.771000,0.199847
1.772000,0.197972
1.773000,0.195784
1.774000,0.200784
1.775000,0.199847
1.776000,0.197659
1.777000,0.198597
1.778000,0.198909
1.779000,0.200472
1.780000,0.197972
1.781000,0.201722
1.782000,0.198909
1.783000,0.198909
1.784000,0.199534
1.785000,0.198284
1.786000,0.198284
1.787000,0.201097
1.788000,0.199222
1.789000,0.199534
1.790000,0.199534
1.791000,0.200159
1.792000,0.197659
1.793000,0.196722
1.794000,0.197972
1.795000,0.197347
1.796000,0.198909
1.797000,0.202034
1.798000,-0.001094
1.799000,-0.000781
1.800000,-0.001094
1.801000,-0.001094
1.802000,0.001094
1.803000,-0.001719
1.804000,-0.002656
1.805000,0.000469
1.806000,-0.002656
1.807000,-0.000156
1.808000,-0.000469
1.809000,-0.001406
1.810000,-0.001719
1.811000,0.000469
1.812000,-0.002656
1.813000,-0.001406
1.814000,-0.001719
1.815000,-0.001406
1.816000,-0.001094
1.817000,-0.003281
1.818000,-0.001719
1.819000,-0.001406
1.820000,-0.000781
1.821000,-0.001719
1.822000,-0.000469
1.823000,-0.002031
1.824000,-0.001094
1.825000,-0.002031
1.826000,-0.001406
1.827000,-0.000469
1.828000,-0.002656
1.829000,-0.002656
1.830000,-0.001719
1.831000,0.000156
1.832000,-0.002344
1.833000,-0.000469
1.834000,-0.001719
1.835000,-0.003594
1.836000,0.000469
1.837000,-0.000469
1.838000,-0.002031
1.839000,-0.000781
1.840000,0.000469
1.841000,-0.002969
1.842000,-0.000156
1.843000,-0.001719
1.844000,-0.002656
1.845000,-0.003281
1.846000,-0.000469
1.847000,-0.003594
1.848000,-0.001094
1.849000,-0.001094
1.850000,-0.002344
1.851000,-0.001094
1.852000,-0.000781
1.853000,-0.001719
1.854000,-0.002656
1.855000,-0.001094
1.856000,-0.002656
1.857000,-0.003281
1.858000,0.199222
1.859000,0.197347
1.860000,0.200472
1.861000,0.200472
1.862000,0.200472
1.863000,0.199847
1.864000,0.199222
1.865000,0.199847
1.866000,0.199222
1.867000,0.199847
1.868000,0.199222
1.869000,0.198284
1.870000,0.197972
1.871000,0.201409
1.872000,0.198284
1.873000,0.198597
1.874000,0.198909
1.875000,0.201097
1.876000,0.197034
1.877000,0.200784
1.878000,0.201097
1.879000,0.199222
1.880000,0.198597
1.881000,0.198597
1.882000,0.198597
1.883000,0.199847
1.884000,0.197972
1.885000,0.198284
1.886000,0.198597
1.887000,0.202972
1.888000,0.202347
1.889000,0.200784
1.890000,0.198909
1.891000,0.201722
1.892000,0.199847
1.893000,0.200159
1.894000,0.199534
1.895000,0.198597
1.896000,0.197659
1.897000,0.199534
1.898000,-0.003594
1.899000,-0.001094
1.900000,-0.000781
1.901000,-0.001094
1.902000,-0.002344
1.903000,-0.002031
1.904000,-0.002344
1.905000,-0.002031
1.906000,-0.000156
1.907000,0.001094
1.908000,-0.002031
1.909000,-0.001094
1.910000,-0.002656
1.911000,-0.000781
1.912000,-0.000156
1.913000,-0.000781
1.914000,-0.001094
1.915000,-0.000156
1.916000,-0.001406
1.917000,-0.001406
1.918000,0.001719
1.919000,-0.003281
1.920000,-0.002031
1.921000,-0.001406
1.922000,-0.000156
1.923000,-0.002656
1.924000,-0.001719
1.925000,-0.002344
1.926000,-0.001719
1.927000,0.000156
1.928000,-0.002656
1.929000,-0.001719
1.930000,0.002656
1.931000,-0.001719
1.932000,0.000156
1.933000,-0.001406
1.934000,0.001094
1.935000,-0.000469
1.936000,-0.001094
1.937000,-0.002344
1.938000,-0.000781
1.939000,-0.001719
1.940000,-0.001406
1.941000,-0.000156
1.942000,-0.002344
1.943000,-0.002031
1.944000,0.000156
1.945000,-0.003281
1.946000,-0.000781
1.947000,-0.002344
1.948000,-0.000781
1.949000,-0.000156
1.950000,-0.001719
1.951000,-0.002656
1.952000,-0.000469
1.953000,0.002031
1.954000,-0.003281
1.955000,-0.001719
1.956000,0.000156
1.957000,-0.001094
1.958000,0.197034
1.959000,0.198909
1.960000,0.198909
1.961000,0.197659
1.962000,0.198597
1.963000,0.198597
1.964000,0.198284
1.965000,0.198909
1.966000,0.199534
1.967000,0.200784
1.968000,0.202034
1.969000,0.199847
1.970000,0.199534
1.971000,0.201722
1.972000,0.198597
1.973000,0.199534
1.974000,0.200472
1.975000,0.199534
1.976000,0.199222
1.977000,0.200784
1.978000,0.197659
1.979000,0.198597
1.980000,0.200159
1.981000,0.197659
1.982000,0.199222
1.983000,0.199847
1.984000,0.197347
1.985000,0.199534
1.986000,0.198284
1.987000,0.199847
1.988000,0.199847
1.989000,0.198597
1.990000,0.199847
1.991000,0.198597
1.992000,0.198909
1.993000,0.199847
1.994000,0.198597
1.995000,0.201409
1.996000,0.201097
1.997000,0.200784
1.998000,-0.002344
1.999000,-0.001719
2.000000,-0.001406
2.001000,-0.002969
2.002000,-0.002031
2.003000,-0.001094
2.004000,0.000156
2.005000,-0.000781
2.006000,-0.002969
2.007000,-0.000156
2.008000,-0.000469
2.009000,-0.001719
2.010000,0.000469
2.011000,-0.000156
2.012000,-0.002031
2.013000,-0.002344
2.014000,-0.001406
2.015000,-0.000156
2.016000,-0.002656
2.017000,-0.002031
2.018000,-0.002344
2.019000,-0.000469
2.020000,-0.000781
2.021000,-0.003594
2.022000,-0.003281
2.023000,0.000469
2.024000,-0.000156
2.025000,-0.001719
2.026000,-0.001094
2.027000,-0.000156
2.028000,-0.001406
2.029000,-0.001094
2.030000,-0.001094
2.031000,-0.000156
2.032000,-0.000781
2.033000,-0.002656
2.034000,-0.001719
2.035000,-0.001719
2.036000,-0.000781
2.037000,-0.000469
2.038000,-0.002969
2.039000,-0.002656
2.040000,-0.002969
2.041000,0.001719
2.042000,-0.002344
2.043000,-0.000469
2.044000,-0.002969
2.045000,-0.002656
2.046000,-0.000156
2.047000,-0.000156
2.048000,-0.004219
2.049000,-0.001406
2.050000,-0.000469
2.051000,-0.001719
2.052000,-0.001406
2.053000,-0.000156
2.054000,-0.001406
2.055000,-0.001406
2.056000,-0.001719
2.057000,-0.000781
2.058000,0.200784
2.059000,0.198284
2.060000,0.198597
2.061000,0.198597
2.062000,0.197659
2.063000,0.200159
2.064000,0.200159
2.065000,0.200472
2.066000,0.197972
2.067000,0.196409
2.068000,0.197034
2.069000,0.198284
2.070000,0.199534
2.071000,0.196409
2.072000,0.200159
2.073000,0.197034
2.074000,0.199222
2.075000,0.197034
2.076000,0.199534
2.077000,0.197034
2.078000,0.201409
2.079000,0.198909
2.080000,0.199222
2.081000,0.198909
2.082000,0.199222
2.083000,0.199222
2.084000,0.199847
2.085000,0.196409
2.086000,0.198284
2.087000,0.197347
2.088000,0.197347
2.089000,0.198909
2.090000,0.198597
2.091000,0.197972
2.092000,0.197659
2.093000,0.200159
2.094000,0.196722
2.095000,0.198597
2.096000,0.200472
2.097000,0.197659
2.098000,-0.000781
2.099000,-0.001406
2.100000,-0.001094
2.101000,-0.002969
2.102000,-0.001094
2.103000,-0.003281
2.104000,-0.002344
2.105000,-0.000469
2.106000,-0.001406
2.107000,-0.001406
2.108000,-0.002969
2.109000,-0.000781
2.110000,0.000469
2.111000,-0.000781
2.112000,-0.000781
2.113000,-0.000781
2.114000,-0.002656
2.115000,-0.002031
2.116000,-0.002969
2.117000,-0.002031
2.118000,-0.002031
2.119000,-0.001406
2.120000,0.000156
2.121000,-0.001094
2.122000,-0.000469
2.123000,-0.001094
2.124000,-0.001094
2.125000,-0.001406
2.126000,-0.001719
2.127000,0.000156
2.128000,-0.002031
2.129000,-0.002031
2.130000,-0.001094
2.131000,-0.001406
2.132000,-0.000469
2.133000,-0.002969
2.134000,-0.001094
2.135000,0.000156
2.136000,-0.001719
2.137000,-0.004531
2.138000,-0.000156
2.139000,-0.000156
2.140000,-0.000156
2.141000,-0.000781
2.142000,-0.000781
2.143000,-0.000781
2.144000,-0.001719
2.145000,-0.002344
2.146000,-0.000469
2.147000,-0.001406
2.148000,-0.002344
2.149000,-0.001719
2.150000,-0.000781
2.151000,-0.000781
2.152000,-0.001406
2.153000,-0.002344
2.154000,-0.000781
2.155000,-0.002969
2.156000,-0.000781
2.157000,-0.004219
2.158000,0.198597
2.159000,0.197659
2.160000,0.199534
2.161000,0.199534
2.162000,0.198284
2.163000,0.199534
2.164000,0.200159
2.165000,0.199222
2.166000,0.196722
2.167000,0.198284
2.168000,0.199847
2.169000,0.197972
2.170000,0.196722
2.171000,0.198597
2.172000,0.200784
2.173000,0.197659
2.174000,0.199222
2.175000,0.198597
2.176000,0.199847
2.177000,0.199847
2.178000,0.197347
2.179000,0.198909
2.180000,0.201097
2.181000,0.199222
2.182000,0.199847
2.183000,0.199534
2.184000,0.199534
2.185000,0.199847
2.186000,0.198909
2.187000,0.200472
2.188000,0.200472
2.189000,0.198909
2.190000,0.199534
2.191000,0.197659
2.192000,0.201409
2.193000,0.198597
2.194000,0.198597
2.195000,0.198909
2.196000,0.200159
2.197000,0.197972
2.198000,0.000469
2.199000,-0.001094
2.200000,-0.000156
2.201000,0.000469
2.202000,-0.000781
2.203000,-0.002344
2.204000,0.000156
2.205000,-0.003281
2.206000,-0.002031
2.207000,-0.001094
2.208000,-0.000781
2.209000,-0.002344
2.210000,-0.003281
2.211000,-0.003594
2.212000,-0.000469
2.213000,-0.000781
2.214000,-0.002031
2.215000,-0.001406
2.216000,-0.002031
2.217000,-0.002031
2.218000,-0.001406
2.219000,-0.002969
2.220000,-0.002656
2.221000,-0.001406
2.222000,-0.000781
2.223000,-0.001719
2.224000,-0.000469
2.225000,0.000156
2.226000,-0.003281
2.227000,-0.003594
2.228000,0.000156
2.229000,-0.001719
2.230000,-0.000469
2.231000,0.001406
2.232000,-0.001719
2.233000,-0.000781
2.234000,-0.001719
2.235000,-0.000781
2.236000,-0.003594
2.237000,-0.001719
2.238000,-0.003281
2.239000,-0.002344
2.240000,-0.001719
2.241000,-0.001094
2.242000,-0.001094
2.243000,-0.001094
2.244000,-0.000781
2.245000,-0.000469
2.246000,-0.002344
2.247000,-0.000156
2.248000,0.000469
2.249000,-0.001719
2.250000,-0.001719
2.251000,-0.000781
2.252000,-0.002344
2.253000,-0.001094
2.254000,-0.002969
2.255000,-0.002031
2.256000,-0.000781
2.257000,-0.000156
2.258000,0.199222
2.259000,0.199222
2.260000,0.197972
2.261000,0.198909
2.262000,0.198909
2.263000,0.198909
2.264000,0.198909
2.265000,0.200159
2.266000,0.199534
2.267000,0.198909
2.268000,0.198284
2.269000,0.197347
2.270000,0.198597
2.271000,0.200159
2.272000,0.200472
2.273000,0.197347
2.274000,0.198597
2.275000,0.199847
2.276000,0.199847
2.277000,0.201097
2.278000,0.199222
2.279000,0.197972
2.280000,0.198597
2.281000,0.198909
2.282000,0.200159
2.283000,0.196409
2.284000,0.197972
2.285000,0.198284
2.286000,0.198909
2.287000,0.198597
2.288000,0.199222
2.289000,0.198909
2.290000,0.197972
2.291000,0.197972
2.292000,0.197034
2.293000,0.199534
2.294000,0.198284
2.295000,0.198909
2.296000,0.200159
2.297000,0.199534
2.298000,0.000156
2.299000,-0.001719
2.300000,-0.002031
2.301000,-0.001094
2.302000,0.000781
2.303000,-0.002031
2.304000,-0.001719
2.305000,-0.000781
2.306000,-0.002031
2.307000,-0.002656
2.308000,0.001094
2.309000,0.001094
2.310000,-0.001406
2.311000,-0.003281
2.312000,-0.000781
2.313000,-0.002344
2.314000,-0.002344
2.315000,-0.003594
2.316000,-0.001094
2.317000,-0.000469
2.318000,-0.002031
2.319000,-0.001719
2.320000,-0.000781
2.321000,-0.000469
2.322000,-0.000469
2.323000,-0.000156
2.324000,-0.000156
2.325000,-0.000469
2.326000,-0.002031
2.327000,-0.000156
2.328000,-0.000781
2.329000,-0.002031
2.330000,-0.002656
2.331000,-0.001406
2.332000,-0.000781
2.333000,-0.001719
2.334000,-0.002344
2.335000,-0.000781
2.336000,-0.000469
2.337000,-0.000781
2.338000,-0.000469
2.339000,-0.001094
2.340000,-0.003281
2.341000,-0.003281
2.342000,-0.001406
2.343000,-0.003594
2.344000,-0.001094
2.345000,-0.000156
2.346000,-0.001094
2.347000,-0.002031
2.348000,-0.000781
2.349000,-0.002969
2.350000,-0.000781
2.351000,-0.003281
2.352000,-0.001094
2.353000,-0.004844
2.354000,-0.002031
2.355000,-0.000781
2.356000,-0.001094
2.357000,-0.000469
2.358000,0.199534
2.359000,0.200784
2.360000,0.200159
2.361000,0.198909
2.362000,0.198909
2.363000,0.199847
2.364000,0.198909
2.365000,0.196722
2.366000,0.198597
2.367000,0.198597
2.368000,0.198284
2.369000,0.200784
2.370000,0.198284
2.371000,0.199847
2.372000,0.198909
2.373000,0.197034
2.374000,0.197034
2.375000,0.198597
2.376000,0.199534
2.377000,0.198284
2.378000,0.197659
2.379000,0.199222
2.380000,0.199222
2.381000,0.199222
2.382000,0.198284
2.383000,0.200159
2.384000,0.200472
2.385000,0.199534
2.386000,0.197347
2.387000,0.199534
2.388000,0.197972
2.389000,0.198597
2.390000,0.199222
2.391000,0.199534
2.392000,0.198909
2.393000,0.197972
2.394000,0.198909
2.395000,0.197972
2.396000,0.200472
2.397000,0.197659
2.398000,-0.000781
2.399000,-0.002344
2.400000,-0.001406
2.401000,-0.002969
2.402000,-0.001719
2.403000,-0.001094
2.404000,-0.002031
2.405000,-0.001406
2.406000,-0.000156
2.407000,-0.002969
2.408000,-0.002969
2.409000,0.000156
2.410000,-0.000781
2.411000,0.000156
2.412000,-0.002344
2.413000,-0.001094
2.414000,-0.001406
2.415000,-0.001406
2.416000,-0.000781
2.417000,-0.001406
2.418000,-0.002969
2.419000,-0.002969
2.420000,0.001094
2.421000,0.000156
2.422000,-0.001406
2.423000,-0.002344
2.424000,-0.002344
2.425000,0.000156
2.426000,-0.001094
2.427000,-0.001406
2.428000,-0.000781
2.429000,-0.000781
2.430000,-0.000781
2.431000,-0.003281
2.432000,-0.001406
2.433000,-0.002031
2.434000,-0.001406
2.435000,-0.000781
2.436000,-0.001094
2.437000,-0.000156
2.438000,-0.003906
2.439000,-0.002031
2.440000,0.000781
2.441000,-0.000781
2.442000,-0.001094
2.443000,0.000156
2.444000,0.000156
2.445000,-0.002656
2.446000,-0.002656
2.447000,-0.001406
2.448000,-0.001719
2.449000,-0.001406
2.450000,-0.001719
2.451000,-0.002031
2.452000,-0.000469
2.453000,-0.002344
2.454000,-0.001094
2.455000,-0.002344
2.456000,-0.001406
2.457000,-0.000781
2.458000,0.199534
2.459000,0.196722
2.460000,0.199222
2.461000,0.198284
2.462000,0.199534
2.463000,0.197034
2.464000,0.197972
2.465000,0.198909
2.466000,0.198909
2.467000,0.198597
2.468000,0.198597
2.469000,0.200784
2.470000,0.200472
2.471000,0.197659
2.472000,0.199222
2.473000,0.198284
2.474000,0.198284
2.475000,0.196097
2.476000,0.197034
2.477000,0.194534
2.478000,0.199534
2.479000,0.199222
2.480000,0.197972
2.481000,0.198284
2.482000,0.198909
2.483000,0.200159
2.484000,0.198597
2.485000,0.200159
2.486000,0.201722
2.487000,0.198597
2.488000,0.199847
2.489000,0.200159
2.490000,0.197659
2.491000,0.197659
2.492000,0.199222
2.493000,0.200784
2.494000,0.200159
2.495000,0.198909
2.496000,0.199222
2.497000,0.198909
2.498000,-0.002344
2.499000,0.000156
2.500000,-0.000781
2.501000,-0.000781
2.502000,-0.002031
2.503000,-0.001406
2.504000,-0.001406
2.505000,-0.002656
2.506000,-0.001719
2.507000,0.001094
2.508000,0.001406
2.509000,-0.002656
2.510000,0.000781
2.511000,-0.002031
2.512000,-0.002344
2.513000,0.000156
2.514000,-0.001406
2.515000,-0.001719
2.516000,-0.002656
2.517000,-0.004219
2.518000,-0.001406
2.519000,-0.001719
2.520000,-0.000469
2.521000,-0.001719
2.522000,-0.001719
2.523000,-0.001406
2.524000,-0.001719
2.525000,-0.002344
2.526000,-0.002031
2.527000,-0.001719
2.528000,-0.001094
2.529000,-0.002031
2.530000,-0.000469
2.531000,0.001406
2.532000,-0.000781
2.533000,-0.003281
2.534000,-0.002031
2.535000,-0.002656
2.536000,-0.003281
2.537000,0.000781
2.538000,-0.001719
2.539000,-0.002344
2.540000,0.001094
2.541000,-0.001406
2.542000,0.000469
2.543000,-0.001406
2.544000,-0.001094
2.545000,-0.002031
2.546000,-0.001719
2.547000,-0.000156
2.548000,-0.001719
2.549000,-0.002656
2.550000,-0.001719
2.551000,-0.001406
2.552000,-0.002656
2.553000,-0.001406
2.554000,-0.000781
2.555000,-0.002031
2.556000,-0.000469
2.557000,-0.001406
2.558000,0.198909
2.559000,0.199222
2.560000,0.199534
2.561000,0.199847
2.562000,0.199534
2.563000,0.197659
2.564000,0.198909
2.565000,0.200159
2.566000,0.197972
2.567000,0.196722
2.568000,0.199847
2.569000,0.200784
2.570000,0.200472
2.571000,0.199534
2.572000,0.199847
2.573000,0.198909
2.574000,0.198284
2.575000,0.197347
2.576000,0.200472
2.577000,0.197972
2.578000,0.198909
2.579000,0.197034
2.580000,0.199534
2.581000,0.201097
2.582000,0.198909
2.583000,0.199534
2.584000,0.198597
2.585000,0.197347
2.586000,0.198284
2.587000,0.199222
2.588000,0.198597
2.589000,0.196409
2.590000,0.197034
2.591000,0.201409
2.592000,0.198909
2.593000,0.199847
2.594000,0.197347
2.595000,0.198284
2.596000,0.199222
2.597000,0.198284
2.598000,-0.002344
2.599000,-0.001719
2.600000,-0.001406
2.601000,-0.002344
2.602000,-0.000156
2.603000,-0.001406
2.604000,-0.002031
2.605000,-0.002344
2.606000,-0.002031
2.607000,-0.003281
2.608000,-0.002031
2.609000,-0.002031
2.610000,-0.000781
2.611000,-0.001094
2.612000,0.000156
2.613000,-0.000156
2.614000,-0.002031
2.615000,-0.002031
2.616000,-0.001719
2.617000,-0.001719
2.618000,0.000156
2.619000,-0.001406
2.620000,0.000156
2.621000,-0.003281
2.622000,-0.001094
2.623000,-0.000781
2.624000,-0.001406
2.625000,-0.000781
2.626000,-0.001719
2.627000,-0.001719
2.628000,-0.004531
2.629000,-0.001719
2.630000,0.000469
2.631000,-0.002969
2.632000,-0.002031
2.633000,-0.001406
2.634000,-0.001406
2.635000,-0.000781
2.636000,-0.000469
2.637000,-0.002656
2.638000,-0.003594
2.639000,-0.001094
2.640000,0.000156
2.641000,-0.003906
2.642000,-0.000781
2.643000,-0.001719
2.644000,-0.002656
2.645000,-0.001719
2.646000,-0.001094
2.647000,0.000469
2.648000,-0.001406
2.649000,-0.002344
2.650000,-0.001094
2.651000,-0.002031
2.652000,-0.000781
2.653000,-0.000469
2.654000,-0.001406
2.655000,0.000781
2.656000,-0.001094
2.657000,-0.003281
2.658000,-0.204222
2.659000,-0.202347
2.660000,-0.201409
2.661000,-0.202034
2.662000,-0.201097
2.663000,-0.201722
2.664000,-0.201409
2.665000,-0.200784
2.666000,-0.202972
2.667000,-0.200472
2.668000,-0.202659
2.669000,-0.201409
2.670000,-0.203284
2.671000,-0.203597
2.672000,-0.201409
2.673000,-0.201097
2.674000,-0.203284
2.675000,-0.200472
2.676000,-0.200784
2.677000,-0.202972
2.678000,-0.202972
2.679000,-0.202659
2.680000,-0.199847
2.681000,-0.202659
2.682000,-0.204222
2.683000,-0.202659
2.684000,-0.201097
2.685000,-0.202972
2.686000,-0.203597
2.687000,-0.201409
2.688000,-0.200472
2.689000,-0.203597
2.690000,-0.202972
2.691000,-0.202347
2.692000,-0.203597
2.693000,-0.201722
2.694000,-0.201722
2.695000,-0.202347
2.696000,-0.202347
2.697000,-0.201097
2.698000,-0.200472
2.699000,-0.201409
2.700000,-0.202034
2.701000,-0.201409
2.702000,-0.201097
2.703000,-0.203284
2.704000,-0.201409
2.705000,-0.202659
2.706000,-0.201722
2.707000,-0.199847
2.708000,-0.202034
2.709000,-0.202659
2.710000,-0.201097
2.711000,-0.201409
2.712000,-0.202972
2.713000,-0.199847
2.714000,-0.200472
2.715000,-0.201097
2.716000,-0.202347
2.717000,-0.204222
2.718000,-0.201409
2.719000,-0.202659
2.720000,-0.202347
2.721000,-0.200784
2.722000,-0.201409
2.723000,-0.202972
2.724000,-0.202659
2.725000,-0.201097
2.726000,-0.202034
2.727000,-0.201722
2.728000,-0.203597
2.729000,-0.201409
2.730000,-0.202972
2.731000,-0.202972
2.732000,-0.203284
2.733000,-0.201722
2.734000,-0.201722
2.735000,-0.201409
2.736000,-0.203909
2.737000,-0.199847
2.738000,-0.202347
2.739000,-0.202972
2.740000,-0.202034
2.741000,-0.203909
2.742000,-0.205159
2.743000,-0.202659
2.744000,-0.199847
2.745000,-0.202659
2.746000,-0.201409
2.747000,-0.201409
2.748000,-0.202972
2.749000,-0.201722
2.750000,-0.202034
2.751000,-0.202034
2.752000,-0.202659
2.753000,-0.202347
2.754000,-0.200472
2.755000,-0.202347
2.756000,-0.205784
2.757000,-0.203909
2.758000,-0.199847
2.759000,-0.202659
2.760000,-0.202972
2.761000,-0.201722
2.762000,-0.203597
2.763000,-0.204847
2.764000,-0.202659
2.765000,-0.202347
2.766000,-0.201722
2.767000,-0.204222
2.768000,-0.200784
2.769000,-0.202972
2.770000,-0.201097
2.771000,-0.201097
2.772000,-0.200472
2.773000,-0.203909
2.774000,-0.201722
2.775000,-0.201409
2.776000,-0.203909
2.777000,-0.200159
2.778000,-0.202659
2.779000,-0.201409
2.780000,-0.201722
2.781000,-0.201722
2.782000,-0.201409
2.783000,-0.202347
2.784000,-0.203909
2.785000,-0.202034
2.786000,-0.202972
2.787000,-0.202659
2.788000,-0.203284
2.789000,-0.201722
2.790000,-0.202347
2.791000,-0.201409
2.792000,-0.202659
2.793000,-0.200784
2.794000,-0.202347
2.795000,-0.200784
2.796000,-0.204222
2.797000,-0.203284
2.798000,-0.200784
2.799000,-0.202972
2.800000,-0.202972
2.801000,-0.203284
2.802000,-0.202347
2.803000,-0.200784
2.804000,-0.202972
2.805000,-0.202659
2.806000,-0.200784
2.807000,-0.203284
2.808000,-0.202347
2.809000,-0.204222
2.810000,-0.201409
2.811000,-0.203597
2.812000,-0.199847
2.813000,-0.204222
2.814000,-0.203597
2.815000,-0.203909
2.816000,-0.203597
2.817000,-0.199534
2.818000,-0.203284
2.819000,-0.201097
2.820000,-0.202347
2.821000,-0.201722
2.822000,-0.202034
2.823000,-0.202347
2.824000,-0.200472
2.825000,-0.202347
2.826000,-0.201409
2.827000,-0.201097
2.828000,-0.201722
2.829000,-0.202347
2.830000,-0.201409
2.831000,-0.202972
2.832000,-0.203597
2.833000,-0.202347
2.834000,-0.200784
2.835000,-0.201097
2.836000,-0.200784
2.837000,-0.202972
2.838000,-0.203284
2.839000,-0.202034
2.840000,-0.201409
2.841000,-0.201097
2.842000,-0.202972
2.843000,-0.201409
2.844000,-0.202347
2.845000,-0.202347
2.846000,-0.201097
2.847000,-0.201097
2.848000,-0.201722
2.849000,-0.202034
2.850000,-0.202659
2.851000,-0.202972
2.852000,-0.201097
2.853000,-0.204222
2.854000,-0.202034
2.855000,-0.201409
2.856000,-0.203284
2.857000,-0.200472
2.858000,-0.202972
2.859000,-0.201409
2.860000,-0.202034
2.861000,-0.201722
2.862000,-0.202972
2.863000,-0.201722
2.864000,-0.202034
2.865000,-0.202034
2.866000,-0.201097
2.867000,-0.200784
2.868000,-0.202659
2.869000,-0.200784
2.870000,-0.201409
2.871000,-0.202972
2.872000,-0.203284
2.873000,-0.203909
2.874000,-0.201097
2.875000,-0.203284
2.876000,-0.200159
2.877000,-0.201097
2.878000,-0.202972
2.879000,-0.202034
2.880000,-0.203284
2.881000,-0.202972
2.882000,-0.202659
2.883000,-0.203284
2.884000,-0.200784
2.885000,-0.202034
2.886000,-0.202347
2.887000,-0.202347
2.888000,-0.202659
2.889000,-0.201097
2.890000,-0.201722
2.891000,-0.202659
2.892000,-0.200784
2.893000,-0.202972
2.894000,-0.202347
2.895000,-0.202347
2.896000,-0.203284
2.897000,-0.202347
2.898000,-0.201409
2.899000,-0.203284
2.900000,-0.201409
2.901000,-0.203909
2.902000,-0.200472
2.903000,-0.202972
2.904000,-0.201409
2.905000,-0.202347
2.906000,-0.202347
2.907000,-0.204847
2.908000,-0.201097
2.909000,-0.201097
2.910000,-0.201722
2.911000,-0.201409
2.912000,-0.201409
2.913000,-0.204534
2.914000,-0.201409
2.915000,-0.200159
2.916000,-0.202034
2.917000,-0.203284
2.918000,-0.201409
2.919000,-0.201409
2.920000,-0.201409
2.921000,-0.201409
2.922000,-0.202034
2.923000,-0.201722
2.924000,-0.202347
2.925000,-0.199847
2.926000,-0.202347
2.927000,-0.202034
2.928000,-0.203284
2.929000,-0.201722
2.930000,-0.200784
2.931000,-0.198597
2.932000,-0.202347
2.933000,-0.202347
2.934000,-0.203597
2.935000,-0.205472
2.936000,-0.202034
2.937000,-0.200784
2.938000,-0.202659
2.939000,-0.202347
2.940000,-0.201409
2.941000,-0.201722
2.942000,-0.201097
2.943000,-0.203597
2.944000,-0.201409
2.945000,-0.202034
2.946000,-0.201722
2.947000,-0.202659
2.948000,-0.201722
2.949000,-0.201722
2.950000,-0.202347
2.951000,-0.202347
2.952000,-0.203597
2.953000,-0.202972
2.954000,-0.201409
2.955000,-0.201722
2.956000,-0.201409
2.957000,-0.201409
2.958000,-0.198909
2.959000,-0.203284
2.960000,-0.200784
2.961000,-0.202972
2.962000,-0.201722
2.963000,-0.203284
2.964000,-0.201097
2.965000,-0.202659
2.966000,-0.202972
2.967000,-0.201409
2.968000,-0.201409
2.969000,-0.202659
2.970000,-0.201409
2.971000,-0.203284
2.972000,-0.203909
2.973000,-0.203284
2.974000,-0.203284
2.975000,-0.201722
2.976000,-0.202034
2.977000,-0.198909
2.978000,-0.201097
2.979000,-0.202659
2.980000,-0.202347
2.981000,-0.202347
2.982000,-0.202347
2.983000,-0.201097
2.984000,-0.201722
2.985000,-0.202034
2.986000,-0.202659
2.987000,-0.201722
2.988000,-0.201409
2.989000,-0.204222
2.990000,-0.202972
2.991000,-0.200784
2.992000,-0.199847
2.993000,-0.202347
2.994000,-0.201097
2.995000,-0.202347
2.996000,-0.202972
2.997000,-0.202972
2.998000,-0.201097
2.999000,-0.203597
3.000000,-0.201722
3.001000,-0.202347
3.002000,-0.203284
3.003000,-0.199222
3.004000,-0.202659
3.005000,-0.201409
3.006000,-0.201097
3.007000,-0.201409
3.008000,-0.200784
3.009000,-0.203284
3.010000,-0.199534
3.011000,-0.202347
3.012000,-0.201409
3.013000,-0.201409
3.014000,-0.202659
3.015000,-0.202034
3.016000,-0.199847
3.017000,-0.203597
3.018000,-0.202659
3.019000,-0.202034
3.020000,-0.202034
3.021000,-0.201722
3.022000,-0.201409
3.023000,-0.202034
3.024000,-0.202347
3.025000,-0.200472
3.026000,-0.203284
3.027000,-0.202972
3.028000,-0.203284
3.029000,-0.200784
3.030000,-0.200472
3.031000,-0.201409
3.032000,-0.201722
3.033000,-0.202347
3.034000,-0.203597
3.035000,-0.201409
3.036000,-0.202347
3.037000,-0.201722
3.038000,-0.200159
3.039000,-0.201722
3.040000,-0.202347
3.041000,-0.201097
3.042000,-0.203284
3.043000,-0.201409
3.044000,-0.199847
3.045000,-0.200159
3.046000,-0.200472
3.047000,-0.203284
3.048000,-0.202659
3.049000,-0.202347
3.050000,-0.203597
3.051000,-0.201097
3.052000,-0.202347
3.053000,-0.201409
3.054000,-0.200784
3.055000,-0.203597
3.056000,-0.202972
3.057000,-0.199534
3.058000,-0.202659
3.059000,-0.201097
3.060000,-0.202659
3.061000,-0.202034
3.062000,-0.203284
3.063000,-0.204534
3.064000,-0.202347
3.065000,-0.202034
3.066000,-0.200784
3.067000,-0.202972
3.068000,-0.202347
3.069000,-0.202034
3.070000,-0.202034
3.071000,-0.199847
3.072000,-0.201722
3.073000,-0.201722
3.074000,-0.201409
3.075000,-0.200784
3.076000,-0.201722
3.077000,-0.201097
3.078000,-0.200784
3.079000,-0.203284
3.080000,-0.203284
3.081000,-0.202034
3.082000,-0.202659
3.083000,-0.200784
3.084000,-0.202347
3.085000,-0.201722
3.086000,-0.201722
3.087000,-0.199847
3.088000,-0.202972
3.089000,-0.201409
3.090000,-0.202034
3.091000,-0.202972
3.092000,-0.202347
3.093000,-0.199847
3.094000,-0.200784
3.095000,-0.201409
3.096000,-0.201409
3.097000,-0.199847
3.098000,-0.199534
3.099000,-0.202034
3.100000,-0.201722
3.101000,-0.202659
3.102000,-0.201722
3.103000,-0.202659
3.104000,-0.201722
3.105000,-0.202034
3.106000,-0.202659
3.107000,-0.197972
3.108000,-0.202347
3.109000,-0.201409
3.110000,-0.200784
3.111000,-0.202972
3.112000,-0.201097
3.113000,-0.202972
3.114000,-0.201409
3.115000,-0.202034
3.116000,-0.199222
3.117000,-0.202659
3.118000,-0.200472
3.119000,-0.202347
3.120000,-0.202034
3.121000,-0.201722
3.122000,-0.204222
3.123000,-0.202659
3.124000,-0.202034
3.125000,-0.202972
3.126000,-0.201097
3.127000,-0.201722
3.128000,-0.201097
3.129000,-0.201409
3.130000,-0.200159
3.131000,-0.202659
3.132000,-0.203284
3.133000,-0.203284
3.134000,-0.202347
3.135000,-0.202659
3.136000,-0.200159
3.137000,-0.199847
3.138000,-0.201722
3.139000,-0.202347
3.140000,-0.202972
3.141000,-0.202347
3.142000,-0.203597
3.143000,-0.203597
3.144000,-0.200784
3.145000,-0.202659
3.146000,-0.200784
3.147000,-0.203284
3.148000,-0.200159
3.149000,-0.201722
3.150000,-0.201409
3.151000,-0.201409
3.152000,-0.202347
3.153000,-0.201409
3.154000,-0.203284
3.155000,-0.201722
3.156000,-0.202972
3.157000,-0.204222
3.158000,-0.200472
3.159000,-0.201722
3.160000,-0.202972
3.161000,-0.202659
3.162000,-0.203284
3.163000,-0.202347
3.164000,-0.203284
3.165000,-0.203909
3.166000,-0.201722
3.167000,-0.202347
3.168000,-0.200784
3.169000,-0.202347
3.170000,-0.201722
3.171000,-0.202659
3.172000,-0.201409
3.173000,-0.202347
3.174000,-0.199534
3.175000,-0.202972
3.176000,-0.202347
3.177000,-0.201722
3.178000,-0.202972
3.179000,-0.202972
3.180000,-0.202972
3.181000,-0.200784
3.182000,-0.201722
3.183000,-0.203909
3.184000,-0.202972
3.185000,-0.202034
3.186000,-0.201722
3.187000,-0.202659
3.188000,-0.203909
3.189000,-0.200159
3.190000,-0.200472
3.191000,-0.202347
3.192000,-0.200784
3.193000,-0.200784
3.194000,-0.201097
3.195000,-0.202034
3.196000,-0.202659
3.197000,-0.198909
3.198000,-0.201409
3.199000,-0.199847
3.200000,-0.201409
3.201000,-0.203597
3.202000,-0.201409
3.203000,-0.200784
3.204000,-0.205784
3.205000,-0.202659
3.206000,-0.202972
3.207000,-0.199534
3.208000,-0.204222
3.209000,-0.202034
3.210000,-0.202972
3.211000,-0.201722
3.212000,-0.200159
3.213000,-0.202347
3.214000,-0.202972
3.215000,-0.202347
3.216000,-0.201097
3.217000,-0.201409
3.218000,-0.202034
3.219000,-0.200784
3.220000,-0.202347
3.221000,-0.202659
3.222000,-0.203909
3.223000,-0.201097
3.224000,-0.202034
3.225000,-0.200159
3.226000,-0.203284
3.227000,-0.201097
3.228000,-0.201097
3.229000,-0.202347
3.230000,-0.201097
3.231000,-0.201722
3.232000,-0.203909
3.233000,-0.202034
3.234000,-0.200784
3.235000,-0.201722
3.236000,-0.202972
3.237000,-0.202659
3.238000,-0.202034
3.239000,-0.202972
3.240000,-0.202347
3.241000,-0.202347
3.242000,-0.202034
3.243000,-0.203597
3.244000,-0.201722
3.245000,-0.200159
3.246000,-0.200472
3.247000,-0.201409
3.248000,-0.201722
3.249000,-0.202972
3.250000,-0.202034
3.251000,-0.202034
3.252000,-0.200159
3.253000,-0.200784
3.254000,-0.202659
3.255000,-0.201722
3.256000,-0.202347
3.257000,-0.202972
3.258000,-0.203909
3.259000,-0.201409
3.260000,-0.202347
3.261000,-0.201409
3.262000,-0.200472
3.263000,-0.200159
3.264000,-0.202347
3.265000,-0.202659
3.266000,-0.201409
3.267000,-0.200472
3.268000,-0.202659
3.269000,-0.200784
3.270000,-0.202347
3.271000,-0.203284
3.272000,-0.202659
3.273000,-0.202972
3.274000,-0.201097
3.275000,-0.203284
3.276000,-0.199847
3.277000,-0.200472
3.278000,-0.201097
3.279000,-0.202347
3.280000,-0.202659
3.281000,-0.202659
3.282000,-0.203597
3.283000,-0.201409
3.284000,-0.203909
3.285000,-0.203597
3.286000,-0.201409
3.287000,-0.200159
3.288000,-0.199222
3.289000,-0.200159
3.290000,-0.200784
3.291000,-0.201722
3.292000,-0.204534
3.293000,-0.202034
3.294000,-0.200784
3.295000,-0.202034
3.296000,-0.202034
3.297000,-0.202972
3.298000,-0.201409
3.299000,-0.201409
3.300000,-0.202659
3.301000,-0.201722
3.302000,-0.201722
3.303000,-0.200784
3.304000,-0.202347
3.305000,-0.202034
3.306000,-0.201722
3.307000,-0.200472
3.308000,-0.200784
3.309000,-0.204222
3.310000,-0.200784
3.311000,-0.203284
3.312000,-0.200159
3.313000,-0.203284
3.314000,-0.200159
3.315000,-0.200472
3.316000,-0.200472
3.317000,-0.201097
3.318000,-0.202972
3.319000,-0.202034
3.320000,-0.203909
3.321000,-0.200784
3.322000,-0.202972
3.323000,-0.202659
3.324000,-0.201097
3.325000,-0.202034
3.326000,-0.199534
3.327000,-0.203284
3.328000,-0.201722
3.329000,-0.201097
3.330000,-0.203597
3.331000,-0.202347
3.332000,-0.203597
3.333000,-0.204222
3.334000,-0.201409
3.335000,-0.203909
3.336000,-0.201722
3.337000,-0.202659
3.338000,-0.202347
3.339000,-0.200784
3.340000,-0.202972
3.341000,-0.201097
3.342000,-0.203597
3.343000,-0.202347
3.344000,-0.203284
3.345000,-0.203284
3.346000,-0.201097
3.347000,-0.200472
3.348000,-0.202972
3.349000,-0.200472
3.350000,-0.202347
3.351000,-0.203597
3.352000,-0.201097
3.353000,-0.203909
3.354000,-0.202034
3.355000,-0.201722
3.356000,-0.200784
3.357000,-0.203284
3.358000,-0.201722
3.359000,-0.202347
3.360000,-0.202659
3.361000,-0.202659
3.362000,-0.201722
3.363000,-0.203284
3.364000,-0.204534
3.365000,-0.202347
3.366000,-0.201722
3.367000,-0.202972
3.368000,-0.201722
3.369000,-0.201722
3.370000,-0.202659
3.371000,-0.201409
3.372000,-0.203597
3.373000,-0.202034
3.374000,-0.201409
3.375000,-0.201409
3.376000,-0.202347
3.377000,-0.204534
3.378000,-0.202972
3.379000,-0.201409
3.380000,-0.200472
3.381000,-0.203909
3.382000,-0.202972
3.383000,-0.200472
3.384000,-0.202347
3.385000,-0.203909
3.386000,-0.201722
3.387000,-0.202034
3.388000,-0.202034
3.389000,-0.200784
3.390000,-0.201722
3.391000,-0.203284
3.392000,-0.200472
3.393000,-0.200784
3.394000,-0.202347
3.395000,-0.201409
3.396000,-0.205784
3.397000,-0.202659
3.398000,-0.201722
3.399000,-0.203284
3.400000,-0.201722
3.401000,-0.201722
3.402000,-0.200472
3.403000,-0.201722
3.404000,-0.201722
3.405000,-0.201097
3.406000,-0.202034
3.407000,-0.199847
3.408000,-0.204222
3.409000,-0.200784
3.410000,-0.203909
3.411000,-0.201409
3.412000,-0.205159
3.413000,-0.198909
3.414000,-0.202034
3.415000,-0.203597
3.416000,-0.202347
3.417000,-0.202034
3.418000,-0.201097
3.419000,-0.201097
3.420000,-0.200159
3.421000,-0.204222
3.422000,-0.204222
3.423000,-0.200784
3.424000,-0.202034
3.425000,-0.202659
3.426000,-0.202659
3.427000,-0.204534
3.428000,-0.200472
3.429000,-0.202659
3.430000,-0.203597
3.431000,-0.201409
3.432000,-0.203284
3.433000,-0.202659
3.434000,-0.202659
3.435000,-0.202347
3.436000,-0.201097
3.437000,-0.202347
3.438000,-0.201097
3.439000,-0.203909
3.440000,-0.201409
3.441000,-0.202034
3.442000,-0.201722
3.443000,-0.201722
3.444000,-0.200784
3.445000,-0.202034
3.446000,-0.202972
3.447000,-0.201409
3.448000,-0.201409
3.449000,-0.202034
3.450000,-0.201409
3.451000,-0.204222
3.452000,-0.201409
3.453000,-0.202659
3.454000,-0.200784
3.455000,-0.203284
3.456000,-0.203597
3.457000,-0.202972
3.458000,-0.199847
3.459000,-0.201097
3.460000,-0.202347
3.461000,-0.201409
3.462000,-0.202972
3.463000,-0.201409
3.464000,-0.201722
3.465000,-0.202034
3.466000,-0.202347
3.467000,-0.199847
3.468000,-0.201409
3.469000,-0.202347
3.470000,-0.202347
3.471000,-0.203597
3.472000,-0.200784
3.473000,-0.202034
3.474000,-0.201097
3.475000,-0.199847
3.476000,-0.202659
3.477000,-0.200784
3.478000,-0.202972
3.479000,-0.200159
3.480000,-0.201409
3.481000,-0.201722
3.482000,-0.201409
3.483000,-0.202034
3.484000,-0.201409
3.485000,-0.202034
3.486000,-0.203284
3.487000,-0.200784
3.488000,-0.203909
3.489000,-0.202972
3.490000,-0.203284
3.491000,-0.202034
3.492000,-0.199847
3.493000,-0.200784
3.494000,-0.203909
3.495000,-0.201409
3.496000,-0.201409
3.497000,-0.203909
3.498000,-0.202034
3.499000,-0.201722
3.500000,-0.202034
3.501000,-0.202034
3.502000,-0.204847
3.503000,-0.201722
3.504000,-0.202347
3.505000,-0.203909
3.506000,-0.202659
3.507000,-0.202347
3.508000,-0.200784
3.509000,-0.202034
3.510000,-0.201722
3.511000,-0.201722
3.512000,-0.202034
3.513000,-0.202659
3.514000,-0.203284
3.515000,-0.203284
3.516000,-0.201722
3.517000,-0.202659
3.518000,-0.201097
3.519000,-0.202347
3.520000,-0.200159
3.521000,-0.202659
3.522000,-0.201409
3.523000,-0.204222
3.524000,-0.201722
3.525000,-0.202972
3.526000,-0.201722
3.527000,-0.203284
3.528000,-0.203597
3.529000,-0.200472
3.530000,-0.200784
3.531000,-0.202347
3.532000,-0.201097
3.533000,-0.203284
3.534000,-0.202347
3.535000,-0.202034
3.536000,-0.203597
3.537000,-0.202659
3.538000,-0.201722
3.539000,-0.201722
3.540000,-0.201097
3.541000,-0.203597
3.542000,-0.202972
3.543000,-0.201409
3.544000,-0.201722
3.545000,-0.203909
3.546000,-0.200472
3.547000,-0.199534
3.548000,-0.200784
3.549000,-0.201409
3.550000,-0.202347
3.551000,-0.200784
3.552000,-0.202034
3.553000,-0.202659
3.554000,-0.202034
3.555000,-0.201722
3.556000,-0.201097
3.557000,-0.202034
3.558000,-0.201409
3.559000,-0.202659
3.560000,-0.201722
3.561000,-0.201097
3.562000,-0.202347
3.563000,-0.199534
3.564000,-0.201722
3.565000,-0.200784
3.566000,-0.202347
3.567000,-0.199534
3.568000,-0.201409
3.569000,-0.202972
3.570000,-0.202347
3.571000,-0.203909
3.572000,-0.201097
3.573000,-0.202972
3.574000,-0.202347
3.575000,-0.201409
3.576000,-0.202347
3.577000,-0.202034
3.578000,-0.201722
3.579000,-0.202659
3.580000,-0.202972
3.581000,-0.202347
3.582000,-0.203909
3.583000,-0.200784
3.584000,-0.202659
3.585000,-0.201409
3.586000,-0.201409
3.587000,-0.203597
3.588000,-0.202659
3.589000,-0.202659
3.590000,-0.201409
3.591000,-0.203909
3.592000,-0.201409
3.593000,-0.200472
3.594000,-0.203284
3.595000,-0.202972
3.596000,-0.199222
3.597000,-0.205472
3.598000,-0.201097
3.599000,-0.201722
3.600000,-0.202034
3.601000,-0.203284
3.602000,-0.202659
3.603000,-0.201722
3.604000,-0.202347
3.605000,-0.202347
3.606000,-0.202347
3.607000,-0.202034
3.608000,-0.202659
3.609000,-0.202347
3.610000,-0.201097
3.611000,-0.202972
3.612000,-0.202034
3.613000,-0.202347
3.614000,-0.201097
3.615000,-0.203284
3.616000,-0.203284
3.617000,-0.203597
3.618000,-0.204222
3.619000,-0.202659
3.620000,-0.202347
3.621000,-0.201722
3.622000,-0.202034
3.623000,-0.203909
3.624000,-0.202034
3.625000,-0.202034
3.626000,-0.203284
3.627000,-0.201097
3.628000,-0.201722
3.629000,-0.203909
3.630000,-0.201722
3.631000,-0.201409
3.632000,-0.202972
3.633000,-0.202034
3.634000,-0.201722
3.635000,-0.202347
3.636000,-0.199534
3.637000,-0.202659
3.638000,-0.204847
3.639000,-0.202034
3.640000,-0.202972
3.641000,-0.201097
3.642000,-0.200472
3.643000,-0.202034
3.644000,-0.202972
3.645000,-0.202347
3.646000,-0.200472
3.647000,-0.200784
3.648000,-0.202347
3.649000,-0.200784
3.650000,-0.202347
3.651000,-0.202347
3.652000,-0.201409
3.653000,-0.201722
3.654000,-0.202972
3.655000,-0.201722
3.656000,-0.203909
3.657000,-0.200159
3.658000,-0.202347
3.659000,-0.202347
3.660000,-0.202034
3.661000,-0.202972
3.662000,-0.203597
3.663000,-0.201409
3.664000,-0.201409
3.665000,-0.202972
3.666000,-0.200159
3.667000,-0.203597
3.668000,-0.202659
3.669000,-0.202034
3.670000,-0.204222
3.671000,-0.203284
3.672000,-0.201097
3.673000,-0.201722
3.674000,-0.202347
3.675000,-0.202347
3.676000,-0.202034
3.677000,-0.201722
3.678000,-0.202347
3.679000,-0.201722
3.680000,-0.202034
3.681000,-0.202347
3.682000,-0.203284
3.683000,-0.201097
3.684000,-0.202347
3.685000,-0.202659
3.686000,-0.203284
3.687000,-0.202659
3.688000,-0.202347
3.689000,-0.201409
3.690000,-0.202347
3.691000,-0.201409
3.692000,-0.203909
3.693000,-0.201097
3.694000,-0.202972
3.695000,-0.202347
3.696000,-0.201722
3.697000,-0.200784
3.698000,-0.202034
3.699000,-0.201097
3.700000,-0.203284
3.701000,-0.202034
3.702000,-0.202972
3.703000,-0.201722
3.704000,-0.202659
3.705000,-0.200784
3.706000,-0.200159
3.707000,-0.202659
3.708000,-0.201097
3.709000,-0.200159
3.710000,-0.199847
3.711000,-0.203284
3.712000,-0.204222
3.713000,-0.203284
3.714000,-0.202034
3.715000,-0.202659
3.716000,-0.200159
3.717000,-0.203597
3.718000,-0.200784
3.719000,-0.201722
3.720000,-0.203909
3.721000,-0.202347
3.722000,-0.203909
3.723000,-0.201722
3.724000,-0.200784
3.725000,-0.202034
3.726000,-0.199847
3.727000,-0.198909
3.728000,-0.201722
3.729000,-0.202972
3.730000,-0.203597
3.731000,-0.203284
3.732000,-0.204534
3.733000,-0.200472
3.734000,-0.202347
3.735000,-0.201409
3.736000,-0.200784
3.737000,-0.200472
3.738000,-0.204534
3.739000,-0.201097
3.740000,-0.203909
3.741000,-0.202034
3.742000,-0.201097
3.743000,-0.199534
3.744000,-0.203284
3.745000,-0.200472
3.746000,-0.201409
3.747000,-0.202347
3.748000,-0.201409
3.749000,-0.202347
3.750000,-0.202972
3.751000,-0.203597
3.752000,-0.201722
3.753000,-0.202034
3.754000,-0.200159
3.755000,-0.202659
3.756000,-0.203909
3.757000,-0.201097
3.758000,-0.201722
3.759000,-0.200784
3.760000,-0.201097
3.761000,-0.200472
3.762000,-0.202034
3.763000,-0.202972
3.764000,-0.202347
3.765000,-0.202034
3.766000,-0.199222
3.767000,-0.202972
3.768000,-0.202034
3.769000,-0.203597
3.770000,-0.202034
3.771000,-0.201097
3.772000,-0.203284
3.773000,-0.202972
3.774000,-0.202972
3.775000,-0.201409
3.776000,-0.199222
3.777000,-0.198909
3.778000,-0.202659
3.779000,-0.202034
3.780000,-0.200784
3.781000,-0.202347
3.782000,-0.203284
3.783000,-0.202034
3.784000,-0.201722
3.785000,-0.202347
3.786000,-0.201722
3.787000,-0.204222
3.788000,-0.202034
3.789000,-0.201722
3.790000,-0.202347
3.791000,-0.202347
3.792000,-0.202347
3.793000,-0.203284
3.794000,-0.201722
3.795000,-0.200784
3.796000,-0.202972
3.797000,-0.203597
3.798000,-0.199847
3.799000,-0.201097
3.800000,-0.201409
3.801000,-0.201409
3.802000,-0.201722
3.803000,-0.202659
3.804000,-0.202659
3.805000,-0.201409
3.806000,-0.201722
3.807000,-0.202347
3.808000,-0.202347
3.809000,-0.199847
3.810000,-0.200472
3.811000,-0.202972
3.812000,-0.203284
3.813000,-0.201097
3.814000,-0.202972
3.815000,-0.201409
3.816000,-0.201722
3.817000,-0.201722
3.818000,-0.202659
3.819000,-0.203284
3.820000,-0.200472
3.821000,-0.199847
3.822000,-0.200472
3.823000,-0.203284
3.824000,-0.200159
3.825000,-0.200784
3.826000,-0.200784
3.827000,-0.203284
3.828000,-0.201722
3.829000,-0.200784
3.830000,-0.202972
3.831000,-0.201722
3.832000,-0.201097
3.833000,-0.202659
3.834000,-0.202347
3.835000,-0.202347
3.836000,-0.201097
3.837000,-0.199534
3.838000,-0.202972
3.839000,-0.200784
3.840000,-0.200784
3.841000,-0.202659
3.842000,-0.202347
3.843000,-0.202034
3.844000,-0.202347
3.845000,-0.201409
3.846000,-0.201409
3.847000,-0.199534
3.848000,-0.203284
3.849000,-0.202659
3.850000,-0.203909
3.851000,-0.200159
3.852000,-0.201722
3.853000,-0.202347
3.854000,-0.202347
3.855000,-0.201097
3.856000,-0.202034
3.857000,-0.201097
3.858000,-0.204534
3.859000,-0.200784
3.860000,-0.201722
3.861000,-0.203284
3.862000,-0.202347
3.863000,-0.201722
3.864000,-0.200784
3.865000,-0.203597
3.866000,-0.203284
3.867000,-0.201097
3.868000,-0.201097
3.869000,-0.202659
3.870000,-0.203284
3.871000,-0.201722
3.872000,-0.201722
3.873000,-0.203284
3.874000,-0.201409
3.875000,-0.202034
3.876000,-0.204534
3.877000,-0.200159
3.878000,-0.202659
3.879000,-0.201409
3.880000,-0.203284
3.881000,-0.201722
3.882000,-0.202972
3.883000,-0.201097
3.884000,-0.201409
3.885000,-0.203909
3.886000,-0.201409
3.887000,-0.201409
3.888000,-0.202659
3.889000,-0.201097
3.890000,-0.202659
3.891000,-0.200472
3.892000,-0.205159
3.893000,-0.202034
3.894000,-0.202659
3.895000,-0.202972
3.896000,-0.202972
3.897000,-0.200784
3.898000,-0.204222
3.899000,-0.202659
3.900000,-0.201722
3.901000,-0.202972
3.902000,-0.202659
3.903000,-0.201722
3.904000,-0.201409
3.905000,-0.202972
3.906000,-0.202659
3.907000,-0.203284
3.908000,-0.202659
3.909000,-0.202347
3.910000,-0.202659
3.911000,-0.202034
3.912000,-0.202972
3.913000,-0.203909
3.914000,-0.202972
3.915000,-0.201722
3.916000,-0.203284
3.917000,-0.202347
3.918000,-0.203284
3.919000,-0.201409
3.920000,-0.202034
3.921000,-0.202034
3.922000,-0.201409
3.923000,-0.203597
3.924000,-0.201722
3.925000,-0.202034
3.926000,-0.201722
3.927000,-0.199222
3.928000,-0.202972
3.929000,-0.202972
3.930000,-0.202972
3.931000,-0.203597
3.932000,-0.202347
3.933000,-0.201409
3.934000,-0.200472
3.935000,-0.201409
3.936000,-0.203284
3.937000,-0.205472
3.938000,-0.203597
3.939000,-0.201409
3.940000,-0.202659
3.941000,-0.202972
3.942000,-0.202659
3.943000,-0.203284
3.944000,-0.202659
3.945000,-0.202034
3.946000,-0.202347
3.947000,-0.203284
3.948000,-0.200472
3.949000,-0.201409
3.950000,-0.203284
3.951000,-0.202034
3.952000,-0.201409
3.953000,-0.203597
3.954000,-0.202347
3.955000,-0.202972
3.956000,-0.202972
3.957000,-0.203909
3.958000,-0.202034
3.959000,-0.201097
3.960000,-0.200784
3.961000,-0.203909
3.962000,-0.200784
3.963000,-0.200472
3.964000,-0.202972
3.965000,-0.202034
3.966000,-0.204847
3.967000,-0.204222
3.968000,-0.202034
3.969000,-0.201409
3.970000,-0.201097
3.971000,-0.201097
3.972000,-0.200159
3.973000,-0.201722
3.974000,-0.201722
3.975000,-0.203597
3.976000,-0.206097
3.977000,-0.202659
3.978000,-0.202347
3.979000,-0.201097
3.980000,-0.201409
3.981000,-0.201097
3.982000,-0.203909
3.983000,-0.202034
3.984000,-0.202034
3.985000,-0.203909
3.986000,-0.201409
3.987000,-0.201722
3.988000,-0.204534
3.989000,-0.203909
3.990000,-0.202659
3.991000,-0.203909
3.992000,-0.201409
3.993000,-0.202972
3.994000,-0.201409
3.995000,-0.202034
3.996000,-0.201722
3.997000,-0.202347
3.998000,-0.203909
3.999000,-0.203284
4.000000,-0.202659
4.001000,-0.202972
4.002000,-0.200784
4.003000,-0.203909
4.004000,-0.202659
4.005000,-0.202659
4.006000,-0.202972
4.007000,-0.205472
4.008000,-0.202659
4.009000,-0.201097
4.010000,-0.202972
4.011000,-0.198597
4.012000,-0.204534
4.013000,-0.202972
4.014000,-0.204222
4.015000,-0.201097
4.016000,-0.201097
4.017000,-0.202034
4.018000,-0.202659
4.019000,-0.203284
4.020000,-0.203597
4.021000,-0.201097
4.022000,-0.202034
4.023000,-0.202034
4.024000,-0.202347
4.025000,-0.202347
4.026000,-0.202034
4.027000,-0.200472
4.028000,-0.200784
4.029000,-0.202659
4.030000,-0.204534
4.031000,-0.201409
4.032000,-0.200472
4.033000,-0.201097
4.034000,-0.202034
4.035000,-0.201722
4.036000,-0.203284
4.037000,-0.202972
4.038000,-0.202972
4.039000,-0.200784
4.040000,-0.204222
4.041000,-0.201722
4.042000,-0.203284
4.043000,-0.202659
4.044000,-0.202034
4.045000,-0.201722
4.046000,-0.204222
4.047000,-0.203284
4.048000,-0.202034
4.049000,-0.200784
4.050000,-0.201409
4.051000,-0.205159
4.052000,-0.201097
4.053000,-0.204847
4.054000,-0.202034
4.055000,-0.200472
4.056000,-0.203284
4.057000,-0.202347
4.058000,-0.203597
4.059000,-0.205159
4.060000,-0.202347
4.061000,-0.202347
4.062000,-0.203284
4.063000,-0.201722
4.064000,-0.202347
4.065000,-0.203909
4.066000,-0.199847
4.067000,-0.202034
4.068000,-0.202659
4.069000,-0.201722
4.070000,-0.199847
4.071000,-0.201097
4.072000,-0.202659
4.073000,-0.204534
4.074000,-0.202347
4.075000,-0.201722
4.076000,-0.201722
4.077000,-0.202034
4.078000,-0.203909
4.079000,-0.200159
4.080000,-0.201409
4.081000,-0.201722
4.082000,-0.202659
4.083000,-0.201722
4.084000,-0.203284
4.085000,-0.202659
4.086000,-0.202972
4.087000,-0.203284
4.088000,-0.202659
4.089000,-0.201722
4.090000,-0.203284
4.091000,-0.202659
4.092000,-0.203597
4.093000,-0.199222
4.094000,-0.201722
4.095000,-0.201722
4.096000,-0.203597
4.097000,-0.201409
4.098000,-0.201409
4.099000,-0.201722
4.100000,-0.202347
4.101000,-0.198597
4.102000,-0.201722
4.103000,-0.203284
4.104000,-0.202659
4.105000,-0.201409
4.106000,-0.203284
4.107000,-0.202659
4.108000,-0.201409
4.109000,-0.202972
4.110000,-0.201409
4.111000,-0.201722
4.112000,-0.202034
4.113000,-0.201097
4.114000,-0.202659
4.115000,-0.203284
4.116000,-0.200784
4.117000,-0.202347
4.118000,-0.202347
4.119000,-0.202347
4.120000,-0.201722
4.121000,-0.201409
4.122000,-0.203597
4.123000,-0.201722
4.124000,-0.201722
4.125000,-0.201722
4.126000,-0.201097
4.127000,-0.202347
4.128000,-0.203284
4.129000,-0.202659
4.130000,-0.202659
4.131000,-0.203909
4.132000,-0.202347
4.133000,-0.202347
4.134000,-0.201409
4.135000,-0.198909
4.136000,-0.201409
4.137000,-0.203597
4.138000,-0.202347
4.139000,-0.200159
4.140000,-0.202347
4.141000,-0.201722
4.142000,-0.199847
4.143000,-0.200472
4.144000,-0.201409
4.145000,-0.202659
4.146000,-0.203284
4.147000,-0.203909
4.148000,-0.200159
4.149000,-0.201097
4.150000,-0.202347
4.151000,-0.202659
4.152000,-0.201409
4.153000,-0.202659
4.154000,-0.202347
4.155000,-0.199847
4.156000,-0.200784
4.157000,-0.201722
4.158000,-0.203597
4.159000,-0.202972
4.160000,-0.204222
4.161000,-0.200784
4.162000,-0.203284
4.163000,-0.202972
4.164000,-0.202659
4.165000,-0.202972
4.166000,-0.202972
4.167000,-0.201722
4.168000,-0.202034
4.169000,-0.202972
4.170000,-0.201097
4.171000,-0.201722
4.172000,-0.202347
4.173000,-0.201097
4.174000,-0.201409
4.175000,-0.201409
4.176000,-0.201097
4.177000,-0.203284
4.178000,-0.201722
4.179000,-0.202972
4.180000,-0.202659
4.181000,-0.201097
4.182000,-0.203597
4.183000,-0.202659
4.184000,-0.203284
4.185000,-0.202347
4.186000,-0.203909
4.187000,-0.201409
4.188000,-0.201097
4.189000,-0.201409
4.190000,-0.201097
4.191000,-0.202347
4.192000,-0.200784
4.193000,-0.201722
4.194000,-0.203597
4.195000,-0.202347
4.196000,-0.199534
4.197000,-0.201722
4.198000,-0.204222
4.199000,-0.201097
4.200000,-0.202972
4.201000,-0.203909
4.202000,-0.203597
4.203000,-0.202972
4.204000,-0.202659
4.205000,-0.202972
4.206000,-0.203284
4.207000,-0.202659
4.208000,-0.201722
4.209000,-0.202347
4.210000,-0.202659
4.211000,-0.200472
4.212000,-0.199534
4.213000,-0.199222
4.214000,-0.202972
4.215000,-0.202034
4.216000,-0.202659
4.217000,-0.200784
4.218000,-0.202034
4.219000,-0.200472
4.220000,-0.201722
4.221000,-0.201722
4.222000,-0.202034
4.223000,-0.200784
4.224000,-0.204534
4.225000,-0.202972
4.226000,-0.201097
4.227000,-0.200472
4.228000,-0.202034
4.229000,-0.202034
4.230000,-0.201409
4.231000,-0.201722
4.232000,-0.201722
4.233000,-0.202034
4.234000,-0.202972
4.235000,-0.201097
4.236000,-0.202972
4.237000,-0.202972
4.238000,-0.201097
4.239000,-0.201097
4.240000,-0.201722
4.241000,-0.203284
4.242000,-0.203909
4.243000,-0.199847
4.244000,-0.201722
4.245000,-0.203909
4.246000,-0.203284
4.247000,-0.202347
4.248000,-0.202659
4.249000,-0.202659
4.250000,-0.200784
4.251000,-0.202347
4.252000,-0.204534
4.253000,-0.202659
4.254000,-0.201409
4.255000,-0.202034
4.256000,-0.198597
4.257000,-0.201409
4.258000,-0.200472
4.259000,-0.202347
4.260000,-0.202347
4.261000,-0.201097
4.262000,-0.202972
4.263000,-0.201409
4.264000,-0.202659
4.265000,-0.202347
4.266000,-0.201097
4.267000,-0.201409
4.268000,-0.200159
4.269000,-0.202659
4.270000,-0.201722
4.271000,-0.203284
4.272000,-0.203597
4.273000,-0.200784
4.274000,-0.203284
4.275000,-0.202659
4.276000,-0.204534
4.277000,-0.200784
4.278000,-0.203284
4.279000,-0.202347
4.280000,-0.202659
4.281000,-0.204847
4.282000,-0.202659
4.283000,-0.202034
4.284000,-0.202034
4.285000,-0.201409
4.286000,-0.201409
4.287000,-0.201722
4.288000,-0.201722
4.289000,-0.202034
4.290000,-0.203597
4.291000,-0.200472
4.292000,-0.202034
4.293000,-0.203284
4.294000,-0.202347
4.295000,-0.201097
4.296000,-0.202972
4.297000,-0.198909
4.298000,-0.203284
4.299000,-0.203597
4.300000,-0.202659
4.301000,-0.203284
4.302000,-0.203284
4.303000,-0.198284
4.304000,-0.204222
4.305000,-0.201409
4.306000,-0.203909
4.307000,-0.200159
4.308000,-0.202034
4.309000,-0.202347
4.310000,-0.203597
4.311000,-0.203284
4.312000,-0.202034
4.313000,-0.203597
4.314000,-0.203284
4.315000,-0.203597
4.316000,-0.202347
4.317000,-0.202034
4.318000,-0.205784
4.319000,-0.203284
4.320000,-0.202034
4.321000,-0.202034
4.322000,-0.201722
4.323000,-0.201097
4.324000,-0.202034
4.325000,-0.202034
4.326000,-0.199534
4.327000,-0.198909
4.328000,-0.200472
4.329000,-0.202659
4.330000,-0.200784
4.331000,-0.202347
4.332000,-0.203597
4.333000,-0.201722
4.334000,-0.202659
4.335000,-0.202347
4.336000,-0.200472
4.337000,-0.203909
4.338000,-0.201722
4.339000,-0.202347
4.340000,-0.202034
4.341000,-0.202347
4.342000,-0.202659
4.343000,-0.202659
4.344000,-0.200784
4.345000,-0.201097
4.346000,-0.203597
4.347000,-0.201722
4.348000,-0.200784
4.349000,-0.203909
4.350000,-0.200784
4.351000,-0.202347
4.352000,-0.203597
4.353000,-0.202347
4.354000,-0.201409
4.355000,-0.202659
4.356000,-0.204534
4.357000,-0.202347
4.358000,-0.201722
4.359000,-0.203597
4.360000,-0.200784
4.361000,-0.203284
4.362000,-0.202659
4.363000,-0.202659
4.364000,-0.200784
4.365000,-0.203284
4.366000,-0.201722
4.367000,-0.202347
4.368000,-0.201722
4.369000,-0.203284
4.370000,-0.202034
4.371000,-0.202659
4.372000,-0.202972
4.373000,-0.202659
4.374000,-0.202659
4.375000,-0.203597
4.376000,-0.203284
4.377000,-0.201097
4.378000,-0.202034
4.379000,-0.201722
4.380000,-0.203284
4.381000,-0.199847
4.382000,-0.202659
4.383000,-0.202347
4.384000,-0.200159
4.385000,-0.202659
4.386000,-0.200784
4.387000,-0.201097
4.388000,-0.201722
4.389000,-0.202659
4.390000,-0.202659
4.391000,-0.202972
4.392000,-0.198597
4.393000,-0.202659
4.394000,-0.202659
4.395000,-0.202659
4.396000,-0.200784
4.397000,-0.202972
4.398000,-0.204534
4.399000,-0.203909
4.400000,-0.202972
4.401000,-0.204222
4.402000,-0.201722
4.403000,-0.200159
4.404000,-0.200472
4.405000,-0.203284
4.406000,-0.200784
4.407000,-0.203284
4.408000,-0.202972
4.409000,-0.200784
4.410000,-0.202972
4.411000,-0.204534
4.412000,-0.201409
4.413000,-0.202034
4.414000,-0.202659
4.415000,-0.201722
4.416000,-0.199534
4.417000,-0.201409
4.418000,-0.201097
4.419000,-0.203284
4.420000,-0.202659
4.421000,-0.202659
4.422000,-0.202034
4.423000,-0.202659
4.424000,-0.200784
4.425000,-0.204847
4.426000,-0.202034
4.427000,-0.203284
4.428000,-0.202347
4.429000,-0.201097
4.430000,-0.202659
4.431000,-0.202659
4.432000,-0.202972
4.433000,-0.202659
4.434000,-0.203284
4.435000,-0.202972
4.436000,-0.203284
4.437000,-0.202659
4.438000,-0.202659
4.439000,-0.201409
4.440000,-0.202347
4.441000,-0.201409
4.442000,-0.203597
4.443000,-0.201097
4.444000,-0.201097
4.445000,-0.203909
4.446000,-0.200159
4.447000,-0.200784
4.448000,-0.202659
4.449000,-0.202034
4.450000,-0.202972
4.451000,-0.204847
4.452000,-0.203284
4.453000,-0.203284
4.454000,-0.201097
4.455000,-0.203284
4.456000,-0.199534
4.457000,-0.202347
4.458000,-0.202034
4.459000,-0.202347
4.460000,-0.200784
4.461000,-0.204222
4.462000,-0.203909
4.463000,-0.202034
4.464000,-0.201409
4.465000,-0.202972
4.466000,-0.202034
4.467000,-0.201722
4.468000,-0.200472
4.469000,-0.201097
4.470000,-0.202034
4.471000,-0.202347
4.472000,-0.203597
4.473000,-0.202972
4.474000,-0.201409
4.475000,-0.201409
4.476000,-0.200472
4.477000,-0.201722
4.478000,-0.201722
4.479000,-0.202034
4.480000,-0.202972
4.481000,-0.200784
4.482000,-0.202347
4.483000,-0.201722
4.484000,-0.203909
4.485000,-0.202972
4.486000,-0.201097
4.487000,-0.201409
4.488000,-0.202972
4.489000,-0.202972
4.490000,-0.203284
4.491000,-0.201722
4.492000,-0.202972
4.493000,-0.202034
4.494000,-0.201409
4.495000,-0.202659
4.496000,-0.201722
4.497000,-0.202659
4.498000,-0.201409
4.499000,-0.203597
4.500000,-0.202972
4.501000,-0.201409
4.502000,-0.202034
4.503000,-0.201097
4.504000,-0.203284
4.505000,-0.202347
4.506000,-0.198284
4.507000,-0.202347
4.508000,-0.201409
4.509000,-0.202034
4.510000,-0.200472
4.511000,-0.204222
4.512000,-0.203597
4.513000,-0.202347
4.514000,-0.202347
4.515000,-0.200472
4.516000,-0.202034
4.517000,-0.202347
4.518000,-0.201409
4.519000,-0.202347
4.520000,-0.202659
4.521000,-0.201409
4.522000,-0.202659
4.523000,-0.202659
4.524000,-0.203284
4.525000,-0.202034
4.526000,-0.202034
4.527000,-0.203909
4.528000,-0.203284
4.529000,-0.201097
4.530000,-0.202034
4.531000,-0.201722
4.532000,-0.198284
4.533000,-0.203909
4.534000,-0.202034
4.535000,-0.200784
4.536000,-0.200784
4.537000,-0.202347
4.538000,-0.202347
4.539000,-0.202034
4.540000,-0.202659
4.541000,-0.204222
4.542000,-0.203909
4.543000,-0.203284
4.544000,-0.201409
4.545000,-0.200159
4.546000,-0.203597
4.547000,-0.204534
4.548000,-0.201722
4.549000,-0.203909
4.550000,-0.203284
4.551000,-0.200472
4.552000,-0.202347
4.553000,-0.202659
4.554000,-0.203597
4.555000,-0.201097
4.556000,-0.203284
4.557000,-0.199534
4.558000,-0.201722
4.559000,-0.202659
4.560000,-0.202347
4.561000,-0.203284
4.562000,-0.201722
4.563000,-0.201722
4.564000,-0.201409
4.565000,-0.203597
4.566000,-0.198597
4.567000,-0.200472
4.568000,-0.203284
4.569000,-0.202347
4.570000,-0.201097
4.571000,-0.202034
4.572000,-0.202034
4.573000,-0.202034
4.574000,-0.202659
4.575000,-0.201097
4.576000,-0.202972
4.577000,-0.201722
4.578000,-0.202972
4.579000,-0.201722
4.580000,-0.204534
4.581000,-0.204222
4.582000,-0.200472
4.583000,-0.202659
4.584000,-0.202659
4.585000,-0.201409
4.586000,-0.201722
4.587000,-0.202972
4.588000,-0.202347
4.589000,-0.202347
4.590000,-0.203597
4.591000,-0.203284
4.592000,-0.202034
4.593000,-0.202347
4.594000,-0.202972
4.595000,-0.201097
4.596000,-0.201097
4.597000,-0.201409
4.598000,-0.201409
4.599000,-0.202347
4.600000,-0.203284
4.601000,-0.202034
4.602000,-0.201097
4.603000,-0.202347
4.604000,-0.202347
4.605000,-0.200159
4.606000,-0.202659
4.607000,-0.201409
4.608000,-0.201722
4.609000,-0.204534
4.610000,-0.202659
4.611000,-0.202659
4.612000,-0.202972
4.613000,-0.201097
4.614000,-0.200784
4.615000,-0.200472
4.616000,-0.204847
4.617000,-0.200784
4.618000,-0.202659
4.619000,-0.202034
4.620000,-0.200159
4.621000,-0.202034
4.622000,-0.202034
4.623000,-0.203909
4.624000,-0.201722
4.625000,-0.201409
4.626000,-0.203909
4.627000,-0.203284
4.628000,-0.201409
4.629000,-0.202034
4.630000,-0.201409
4.631000,-0.200784
4.632000,-0.198597
4.633000,-0.201409
4.634000,-0.199847
4.635000,-0.203284
4.636000,-0.203597
4.637000,-0.203284
4.638000,-0.203909
4.639000,-0.202659
4.640000,-0.202972
4.641000,-0.200784
4.642000,-0.203597
4.643000,-0.200784
4.644000,-0.202034
4.645000,-0.204222
4.646000,-0.201409
4.647000,-0.202034
4.648000,-0.202972
4.649000,-0.202034
4.650000,-0.202347
4.651000,-0.202034
4.652000,-0.202347
4.653000,-0.200472
4.654000,-0.201409
4.655000,-0.200472
4.656000,-0.200784
4.657000,-0.203284
4.658000,-0.200784
4.659000,-0.204222
4.660000,-0.202034
4.661000,-0.202972
4.662000,-0.202659
4.663000,-0.200472
4.664000,-0.202347
4.665000,-0.203909
4.666000,-0.202972
4.667000,-0.201097
4.668000,-0.203597
4.669000,-0.202659
4.670000,-0.202034
4.671000,-0.203597
4.672000,-0.201409
4.673000,-0.201409
4.674000,-0.202034
4.675000,-0.203909
4.676000,-0.202034
4.677000,-0.202347
4.678000,-0.201097
4.679000,-0.202659
4.680000,-0.203909
4.681000,-0.201097
4.682000,-0.203284
4.683000,-0.202659
4.684000,-0.202034
4.685000,-0.202347
4.686000,-0.203909
4.687000,-0.198909
4.688000,-0.201722
4.689000,-0.203909
4.690000,-0.202034
4.691000,-0.202972
4.692000,-0.202034
4.693000,-0.201722
4.694000,-0.201097
4.695000,-0.201097
4.696000,-0.202347
4.697000,-0.205159
4.698000,-0.202034
4.699000,-0.202659
4.700000,-0.203284
4.701000,-0.203597
4.702000,-0.201722
4.703000,-0.201409
4.704000,-0.202659
4.705000,-0.203597
4.706000,-0.202659
4.707000,-0.203909
4.708000,-0.202659
4.709000,-0.201722
4.710000,-0.204222
4.711000,-0.202659
4.712000,-0.204222
4.713000,-0.201722
4.714000,-0.202659
4.715000,-0.202347
4.716000,-0.200472
4.717000,-0.201722
4.718000,-0.202659
4.719000,-0.201722
4.720000,-0.202034
4.721000,-0.200472
4.722000,-0.202347
4.723000,-0.200784
4.724000,-0.202034
4.725000,-0.202972
4.726000,-0.200784
4.727000,-0.199847
4.728000,-0.201409
4.729000,-0.202659
4.730000,-0.202972
4.731000,-0.202347
4.732000,-0.202659
4.733000,-0.201409
4.734000,-0.202659
4.735000,-0.201722
4.736000,-0.202659
4.737000,-0.202034
4.738000,-0.200784
4.739000,-0.202659
4.740000,-0.202034
4.741000,-0.201097
4.742000,-0.202034
4.743000,-0.200472
4.744000,-0.202347
4.745000,-0.201097
4.746000,-0.202659
4.747000,-0.200159
4.748000,-0.203597
4.749000,-0.202972
4.750000,-0.201097
4.751000,-0.203284
4.752000,-0.202034
4.753000,-0.201409
4.754000,-0.204534
4.755000,-0.204222
4.756000,-0.202972
4.757000,-0.203284
4.758000,-0.202347
4.759000,-0.200472
4.760000,-0.201722
4.761000,-0.204222
4.762000,-0.201097
4.763000,-0.202659
4.764000,-0.203597
4.765000,-0.202659
4.766000,-0.202034
4.767000,-0.200159
4.768000,-0.203284
4.769000,-0.203909
4.770000,-0.202347
4.771000,-0.200159
4.772000,-0.203284
4.773000,-0.202034
4.774000,-0.202034
4.775000,-0.203597
4.776000,-0.202972
4.777000,-0.205159
4.778000,-0.202659
4.779000,-0.202034
4.780000,-0.201722
4.781000,-0.202034
4.782000,-0.201409
4.783000,-0.203909
4.784000,-0.201722
4.785000,-0.201722
4.786000,-0.200472
4.787000,-0.204222
4.788000,-0.203284
4.789000,-0.200784
4.790000,-0.202034
4.791000,-0.201722
4.792000,-0.200472
4.793000,-0.200784
4.794000,-0.202347
4.795000,-0.203284
4.796000,-0.201722
4.797000,-0.201409
4.798000,-0.202972
4.799000,-0.199847
